class	subclass	subsubclass	serialid	sample1	sample2	sample3	sample4	sample5
1	-	-	-	117.0	98.0	207.0	127.0	409.0
1	1	-	-	1.0	7.0	6.0	16.0	69.0
1	1	1	-	248.0	364.0	358.0	400.0	400.0
1	1	1	-	8.0	4.0	12.0	8.0	14.0
1	1	1	1	83.0	101.0	210.0	92.0	37.0
1	1	1	100	273.0	248.0	418.0	372.0	289.0
1	1	1	103	14.0	32.0	46.0	44.0	71.0
1	1	1	105	1.0	0	5.0	0	0
1	1	1	122	11.0	1.0	16.0	6.0	1.0
1	1	1	127	9.0	16.0	25.0	28.0	30.0
1	1	1	130	2.0	2.0	0	3.0	15.0
1	1	1	132	19.0	25.0	14.0	47.0	12.0
1	1	1	133	30.0	34.0	59.0	56.0	92.0
1	1	1	136	69.0	67.0	106.0	124.0	89.0
1	1	1	14	41.0	34.0	60.0	66.0	70.0
1	1	1	157	78.0	98.0	162.0	156.0	149.0
1	1	1	159	1.0	2.0	5.0	0	2.0
1	1	1	169	41.0	35.0	40.0	44.0	39.0
1	1	1	175	1.0	1.0	0	3.0	30.0
1	1	1	-	21.0	15.0	24.0	13.0	2.0
1	1	1	2	4.0	5.0	9.0	2.0	11.0
1	1	1	203	3.0	3.0	6.0	3.0	0
1	1	1	205	193.0	134.0	272.0	274.0	251.0
1	1	1	219	26.0	7.0	29.0	11.0	7.0
1	1	1	22	109.0	92.0	177.0	162.0	226.0
1	1	1	23	15.0	11.0	27.0	34.0	61.0
1	1	1	25	16.0	16.0	21.0	21.0	36.0
1	1	1	26	19.0	20.0	28.0	25.0	31.0
1	1	1	261	5.0	6.0	1.0	2.0	14.0
1	1	1	262	18.0	7.0	54.0	45.0	71.0
1	1	1	267	50.0	38.0	115.0	66.0	89.0
1	1	1	27	1.0	4.0	14.0	14.0	12.0
1	1	1	271	46.0	59.0	117.0	99.0	127.0
1	1	1	28	7.0	0	3.0	7.0	2.0
1	1	1	281	13.0	17.0	12.0	13.0	4.0
1	1	1	-	60.0	49.0	62.0	48.0	32.0
1	1	1	289	1.0	0	0	0	0
1	1	1	3	30.0	40.0	61.0	58.0	70.0
1	1	1	30	4.0	22.0	33.0	20.0	31.0
1	1	1	306	1.0	6.0	6.0	2.0	0
1	1	1	308	7.0	5.0	11.0	6.0	6.0
1	1	1	31	24.0	29.0	59.0	28.0	15.0
1	1	1	310	3.0	0	2.0	3.0	3.0
1	1	1	312	8.0	8.0	19.0	6.0	6.0
1	1	1	335	9.0	16.0	15.0	19.0	65.0
1	1	1	336	40.0	20.0	39.0	36.0	23.0
1	1	1	34	5.0	10.0	44.0	7.0	2.0
1	1	1	346	1.0	2.0	2.0	3.0	5.0
1	1	1	35	52.0	124.0	98.0	179.0	97.0
-	-	-	-	33.0	15.0	34.0	42.0	24.0
-	-	-	-	3.0	1.0	1.0	0	0
1	1	1	36	46.0	95.0	67.0	87.0	6.0
1	1	1	368	2.0	3.0	1.0	10.0	4.0
1	1	1	37	136.0	122.0	296.0	338.0	174.0
1	1	1	370	2.0	0	1.0	0	7.0
1	1	1	374	3.0	2.0	1.0	3.0	8.0
1	1	1	38	52.0	90.0	104.0	100.0	121.0
1	1	1	-	1.0	0	1.0	1.0	0
1	1	1	385	1.0	1.0	2.0	2.0	0
1	1	1	388	1.0	0	0	2.0	0
1	1	1	398	2.0	0	0	0	0
1	1	1	40	61.0	137.0	129.0	160.0	373.0
1	1	1	401	19.0	5.0	33.0	15.0	0
1	1	1	402	1.0	1.0	1.0	0	0
1	1	1	-	10.0	11.0	4.0	8.0	20.0
1	1	1	41	71.0	50.0	101.0	55.0	42.0
1	1	1	410	2.0	3.0	7.0	2.0	0
1	1	1	411	2.0	1.0	4.0	3.0	2.0
1	1	1	412	4.0	2.0	3.0	1.0	0
1	1	1	42	171.0	200.0	299.0	307.0	220.0
1	1	1	-	65.0	89.0	124.0	151.0	208.0
1	1	1	47	5.0	13.0	16.0	6.0	0
1	1	1	-	89.0	79.0	129.0	84.0	91.0
1	1	1	53	4.0	4.0	5.0	10.0	0
1	1	1	60	9.0	7.0	21.0	15.0	19.0
1	1	1	-	2.0	1.0	0	0	0
1	1	1	-	6.0	5.0	39.0	2.0	0
1	1	1	65	12.0	9.0	8.0	9.0	0
1	1	1	67	1.0	0	0	1.0	0
1	1	1	69	11.0	12.0	23.0	27.0	87.0
1	1	1	-	2.0	0	0	0	0
1	1	1	-	3.0	2.0	0	4.0	6.0
1	1	1	-	4.0	3.0	5.0	1.0	5.0
1	1	1	85	47.0	77.0	104.0	80.0	111.0
1	1	1	86	127.0	145.0	239.0	193.0	322.0
1	1	1	87	1.0	1.0	3.0	0	12.0
1	1	1	88	2.0	3.0	23.0	5.0	2.0
1	1	1	9	6.0	4.0	0	2.0	1.0
-	-	-	-	5.0	14.0	27.0	18.0	34.0
1	1	1	94	26.0	21.0	32.0	40.0	80.0
1	1	1	-	87.0	111.0	164.0	156.0	418.0
1	1	2	3	23.0	2.0	62.0	14.0	27.0
1	1	2	4	29.0	19.0	45.0	18.0	5.0
1	1	2	6	39.0	30.0	39.0	47.0	0
1	1	2	7	9.0	7.0	1.0	6.0	0
1	1	2	8	111.0	141.0	144.0	132.0	0
1	1	3	-	11.0	6.0	17.0	12.0	4.0
1	1	3	15	57.0	56.0	86.0	103.0	60.0
1	1	3	21	3.0	0	0	0	0
1	1	3	46	22.0	11.0	18.0	19.0	6.0
1	1	3	-	2.0	4.0	1.0	5.0	0
1	1	3	6	5.0	11.0	30.0	24.0	11.0
1	1	3	8	3.0	0	4.0	0	0
1	1	3	9	2.0	3.0	0	0	1.0
1	1	5	-	41.0	28.0	43.0	44.0	1.0
1	1	5	12	1.0	0	6.0	0	0
1	1	5	2	190.0	146.0	195.0	270.0	0
1	1	5	3	39.0	55.0	40.0	54.0	45.0
1	1	5	8	21.0	1.0	16.0	0	0
1	1	5	9	9.0	0	1.0	0	0
1	1	9	1	32.0	58.0	47.0	61.0	1.0
1	1	98	2	5.0	11.0	10.0	6.0	0
1	1	98	6	15.0	43.0	49.0	52.0	122.0
1	1	99	1	35.0	31.0	45.0	30.0	3.0
1	1	99	24	2.0	1.0	1.0	3.0	0
1	1	99	28	1.0	0	6.0	0	0
1	1	99	3	75.0	31.0	110.0	61.0	27.0
1	1	99	31	5.0	1.0	9.0	5.0	0
1	10	2	-	5.0	1.0	1.0	6.0	0
1	10	2	2	13.0	14.0	44.0	26.0	40.0
1	10	3	-	3.0	8.0	14.0	29.0	10.0
1	10	3	10	3.0	10.0	1.0	2.0	0
1	10	3	14	23.0	31.0	98.0	78.0	163.0
1	10	3	9	2.0	1.0	7.0	3.0	0
1	10	9	1	41.0	77.0	40.0	67.0	4.0
1	11	1	10	36.0	32.0	49.0	47.0	263.0
1	11	1	15	341.0	359.0	732.0	478.0	399.0
1	11	1	21	93.0	71.0	79.0	81.0	0
1	11	1	5	41.0	61.0	56.0	94.0	37.0
1	11	1	6	115.0	128.0	200.0	124.0	265.0
1	11	1	7	3.0	3.0	12.0	2.0	0
1	11	1	9	95.0	87.0	177.0	107.0	54.0
1	12	1	2	9.0	24.0	25.0	51.0	239.0
1	12	1	3	5.0	15.0	16.0	93.0	738.0
1	12	2	1	1.0	0	1.0	3.0	20.0
1	12	98	1	7.0	13.0	15.0	11.0	7.0
1	12	99	6	71.0	120.0	52.0	114.0	52.0
1	13	11	-	18.0	18.0	11.0	27.0	23.0
1	13	11	-	8.0	0	2.0	0	0
1	13	11	11	18.0	9.0	28.0	35.0	0
1	13	11	2	23.0	24.0	37.0	15.0	6.0
1	13	11	24	1.0	0	1.0	0	0
1	13	11	27	96.0	133.0	114.0	115.0	10.0
1	13	11	3	18.0	25.0	25.0	23.0	0
1	13	11	34	1.0	0	4.0	0	0
1	13	11	37	3.0	4.0	7.0	0	0
1	13	11	38	4.0	1.0	0	0	0
1	13	11	4	20.0	26.0	30.0	19.0	0
1	13	11	49	1.0	0	0	0	0
1	13	11	5	59.0	59.0	53.0	45.0	2.0
1	13	11	52	5.0	3.0	5.0	3.0	0
1	13	11	-	1.0	7.0	13.0	7.0	0
1	13	11	57	2.0	1.0	1.0	3.0	0
1	13	11	6	8.0	9.0	4.0	12.0	0
1	13	11	-	1.0	3.0	0	0	0
1	13	11	75	5.0	0	3.0	0	0
1	13	11	8	12.0	18.0	16.0	23.0	5.0
1	13	12	16	24.0	25.0	25.0	31.0	21.0
1	13	99	1	10.0	16.0	36.0	16.0	0
1	14	-	-	35.0	33.0	69.0	43.0	28.0
1	14	11	-	26.0	14.0	35.0	13.0	0
1	14	11	1	1.0	3.0	1.0	1.0	0
1	14	11	17	51.0	42.0	47.0	70.0	0
1	14	11	18	10.0	2.0	1.0	4.0	0
1	14	11	2	1.0	5.0	1.0	0	0
1	14	11	30	1.0	0	0	0	0
1	14	11	33	4.0	1.0	1.0	0	0
1	14	11	35	1.0	0	0	0	0
1	14	11	46	5.0	1.0	2.0	1.0	0
1	14	11	55	7.0	0	2.0	4.0	0
1	14	12	-	3.0	1.0	0	0	0
1	14	12	1	9.0	8.0	7.0	3.0	0
1	14	12	-	2.0	10.0	4.0	4.0	0
1	14	12	17	1.0	21.0	6.0	2.0	4.0
1	14	12	18	2.0	1.0	0	0	0
1	14	12	19	10.0	10.0	13.0	4.0	0
1	14	12	25	1.0	1.0	6.0	4.0	0
1	14	12	7	3.0	0	1.0	5.0	0
1	14	13	-	16.0	16.0	38.0	7.0	13.0
1	14	13	107	46.0	16.0	17.0	14.0	0
1	14	13	111	3.0	4.0	7.0	4.0	0
1	14	13	127	5.0	4.0	8.0	5.0	0
1	14	13	141	3.0	3.0	4.0	2.0	0
1	14	13	142	2.0	1.0	1.0	0	3.0
1	14	13	149	33.0	251.0	65.0	60.0	3.0
1	14	13	163	1.0	0	0	0	0
1	14	13	2	2.0	16.0	8.0	8.0	2.0
1	14	13	20	2.0	0	0	0	0
1	14	13	208	18.0	38.0	25.0	32.0	0
1	14	13	22	3.0	5.0	7.0	5.0	0
1	14	13	227	51.0	36.0	52.0	28.0	0
1	14	-	-	4.0	6.0	6.0	11.0	0
1	14	13	230	3.0	0	0	0	0
1	14	13	235	5.0	4.0	8.0	5.0	0
1	14	13	-	6.0	1.0	1.0	9.0	13.0
1	14	13	24	1.0	3.0	0	0	0
1	14	13	40	8.0	8.0	12.0	17.0	0
1	14	13	59	1.0	1.0	0	0	0
1	14	13	69	2.0	4.0	3.0	2.0	0
1	14	13	70	1.0	4.0	17.0	2.0	0
1	14	13	82	2.0	3.0	3.0	0	2.0
1	14	13	84	1.0	3.0	12.0	7.0	0
1	14	14	12	4.0	4.0	2.0	3.0	0
1	-	-	-	1.0	0	7.0	0	2.0
1	14	14	30	1.0	0	0	0	0
1	14	14	35	8.0	2.0	8.0	14.0	0
1	14	14	5	9.0	3.0	5.0	11.0	0
1	14	14	9	28.0	26.0	22.0	21.0	24.0
1	14	15	14	3.0	2.0	3.0	12.0	0
1	14	15	20	1.0	0	0	0	0
1	14	15	3	2.0	0	3.0	3.0	0
1	14	15	7	11.0	20.0	18.0	7.0	1.0
1	14	16	1	9.0	25.0	6.0	25.0	3.0
1	14	17	3	1.0	0	0	2.0	0
1	14	18	1	20.0	14.0	36.0	35.0	0
1	14	-	-	80.0	39.0	114.0	51.0	0
1	14	19	1	133.0	202.0	261.0	362.0	20.0
1	14	-	-	2.0	6.0	19.0	23.0	1.0
1	14	19	20	2.0	0	2.0	0	0
1	14	19	-	43.0	31.0	72.0	26.0	1.0
1	14	19	-	31.0	46.0	63.0	52.0	2.0
1	14	19	3	29.0	43.0	63.0	60.0	0
1	14	19	41	1.0	3.0	2.0	0	0
1	14	19	-	2.0	1.0	0	0	0
1	14	19	9	1.0	0	1.0	4.0	0
1	14	99	-	1.0	2.0	3.0	3.0	0
1	14	99	1	1.0	1.0	1.0	0	0
1	14	99	29	3.0	30.0	9.0	1.0	0
1	14	99	50	11.0	14.0	21.0	15.0	1.0
1	14	99	57	4.0	9.0	3.0	1.0	0
1	15	1	1	815.0	768.0	1666.0	981.0	1017.0
1	16	1	1	3.0	5.0	7.0	7.0	7.0
1	16	3	1	282.0	267.0	311.0	466.0	817.0
1	16	3	2	29.0	42.0	97.0	69.0	148.0
1	16	3	3	57.0	168.0	55.0	93.0	23.0
1	17	1	1	26.0	18.0	51.0	37.0	73.0
1	17	1	10	7.0	13.0	9.0	28.0	28.0
1	17	1	4	170.0	147.0	213.0	222.0	24.0
1	17	-	-	3.0	11.0	10.0	9.0	0
1	17	1	5	20.0	9.0	15.0	6.0	2.0
1	17	1	8	32.0	34.0	45.0	52.0	103.0
1	17	1	9	398.0	301.0	542.0	383.0	182.0
1	17	2	1	39.0	32.0	63.0	43.0	0
1	17	4	1	848.0	705.0	1325.0	1120.0	764.0
1	17	4	2	2.0	0	0	0	14.0
-	-	-	-	11.0	8.0	8.0	13.0	0
1	17	5	2	1.0	0	0	0	0
1	17	7	-	102.0	77.0	99.0	123.0	145.0
1	17	7	4	143.0	87.0	121.0	146.0	177.0
1	17	8	1	1.0	0	1.0	0	0
1	-	-	-	6.0	0	0	4.0	14.0
1	17	99	1	8.0	7.0	11.0	9.0	0
1	17	99	6	8.0	21.0	25.0	23.0	34.0
1	17	99	7	3.0	0	0	0	0
1	18	1	-	5.0	2.0	15.0	5.0	0
1	-	-	-	44.0	59.0	59.0	73.0	56.0
1	18	1	3	9.0	7.0	5.0	6.0	2.0
1	18	6	1	1.0	1.0	9.0	2.0	0
1	2	1	-	165.0	614.0	280.0	571.0	114.0
1	2	1	10	10.0	14.0	12.0	29.0	9.0
1	-	-	-	2.0	18.0	15.0	11.0	107.0
1	2	1	11	98.0	71.0	118.0	153.0	150.0
1	2	1	12	201.0	236.0	416.0	333.0	717.0
1	2	1	-	102.0	104.0	118.0	94.0	62.0
1	2	1	-	97.0	89.0	178.0	113.0	65.0
1	2	1	19	14.0	13.0	11.0	4.0	1.0
1	2	1	22	2.0	0	0	0	0
1	2	1	-	1.0	13.0	2.0	4.0	1.0
1	2	1	26	4.0	4.0	5.0	4.0	7.0
1	2	1	28	5.0	1.0	6.0	6.0	0
1	2	1	3	118.0	112.0	188.0	151.0	36.0
1	2	1	-	2.0	0	0	0	6.0
1	2	1	-	8.0	11.0	12.0	4.0	7.0
1	2	1	38	52.0	35.0	50.0	42.0	54.0
1	2	1	39	34.0	23.0	29.0	35.0	2.0
1	2	1	41	35.0	35.0	77.0	35.0	57.0
1	2	1	46	71.0	34.0	51.0	37.0	4.0
1	2	1	5	3.0	1.0	11.0	9.0	0
1	2	1	59	14.0	13.0	25.0	9.0	9.0
1	2	1	67	1.0	1.0	1.0	3.0	0
1	2	1	68	1.0	2.0	4.0	8.0	16.0
1	2	1	70	56.0	43.0	52.0	100.0	71.0
1	2	1	71	1.0	1.0	7.0	0	0
1	2	1	8	129.0	43.0	208.0	35.0	7.0
1	2	1	81	5.0	1.0	6.0	8.0	12.0
1	2	1	88	89.0	84.0	138.0	136.0	73.0
1	2	1	9	5.0	1.0	15.0	4.0	5.0
1	2	1	98	1.0	0	0	0	0
1	2	1	99	1.0	1.0	4.0	7.0	1.0
1	2	3	3	6.0	0	3.0	4.0	2.0
1	2	4	1	263.0	320.0	557.0	339.0	171.0
1	2	4	2	130.0	195.0	266.0	216.0	184.0
1	2	4	4	99.0	133.0	195.0	219.0	187.0
1	2	5	1	13.0	6.0	18.0	45.0	160.0
1	2	5	3	624.0	432.0	764.0	610.0	68.0
1	2	7	1	188.0	132.0	167.0	176.0	339.0
1	2	7	10	19.0	7.0	30.0	33.0	25.0
1	2	7	12	11.0	26.0	23.0	32.0	28.0
1	2	7	-	110.0	355.0	152.0	499.0	555.0
1	2	7	3	1.0	26.0	5.0	39.0	110.0
1	2	7	-	509.0	557.0	766.0	777.0	589.0
1	2	7	4	11.0	25.0	35.0	26.0	118.0
1	2	7	5	91.0	131.0	208.0	181.0	313.0
1	2	7	7	1.0	12.0	2.0	15.0	2.0
1	2	7	8	58.0	135.0	76.0	68.0	162.0
1	-	-	-	7.0	1.0	17.0	14.0	8.0
1	2	99	10	19.0	17.0	4.0	22.0	0
1	2	99	8	1.0	1.0	0	1.0	3.0
1	20	-	-	1.0	3.0	1.0	5.0	2.0
1	20	4	1	23.0	41.0	31.0	39.0	61.0
1	20	4	3	4.0	0	3.0	2.0	0
1	21	4	1	1.0	1.0	1.0	6.0	2.0
1	21	4	2	12.0	5.0	6.0	5.0	6.0
1	21	4	-	4.0	1.0	10.0	3.0	0
1	21	98	1	70.0	71.0	91.0	65.0	33.0
1	21	98	3	4.0	11.0	9.0	7.0	16.0
1	3	1	-	4.0	11.0	8.0	7.0	0
1	3	1	1	26.0	40.0	37.0	49.0	28.0
1	3	-	-	3.0	1.0	8.0	3.0	0
1	3	1	108	1.0	0	0	0	0
1	3	1	12	10.0	10.0	18.0	16.0	31.0
1	3	1	14	18.0	13.0	16.0	17.0	61.0
1	3	1	2	5.0	1.0	4.0	14.0	0
1	3	1	22	1.0	3.0	9.0	0	12.0
1	3	1	-	1.0	6.0	0	0	0
1	3	1	28	3.0	2.0	0	0	0
1	3	1	3	3.0	0	0	0	0
1	3	1	32	1.0	0	2.0	0	0
1	3	1	34	16.0	7.0	15.0	20.0	26.0
1	3	1	-	1.0	0	0	1.0	0
1	3	1	45	10.0	7.0	13.0	11.0	0
1	3	1	-	1.0	0	0	0	2.0
1	3	1	64	1.0	1.0	0	2.0	0
1	3	1	-	2.0	0	4.0	0	0
1	3	1	74	1.0	3.0	2.0	6.0	1.0
-	-	-	-	13.0	3.0	14.0	12.0	8.0
1	3	1	85	27.0	25.0	6.0	5.0	0
1	3	1	86	5.0	1.0	7.0	3.0	0
1	3	1	88	1.0	2.0	11.0	0	0
1	3	1	9	13.0	10.0	6.0	22.0	7.0
1	3	1	98	24.0	25.0	38.0	51.0	32.0
1	3	1	-	55.0	59.0	83.0	76.0	88.0
1	3	3	11	29.0	16.0	36.0	29.0	2.0
1	3	3	3	5.0	8.0	18.0	10.0	16.0
1	3	3	-	15.0	5.0	24.0	14.0	17.0
1	3	3	6	4.0	4.0	47.0	6.0	0
1	3	4	1	3.0	0	2.0	4.0	0
1	3	5	1	2.0	5.0	42.0	8.0	11.0
1	3	5	-	291.0	398.0	470.0	516.0	392.0
1	3	5	2	19.0	7.0	15.0	17.0	11.0
1	3	5	3	4.0	22.0	6.0	23.0	14.0
1	3	5	4	33.0	45.0	58.0	71.0	18.0
1	3	5	6	5.0	0	0	0	0
1	3	7	1	1.0	3.0	4.0	5.0	0
1	3	7	8	36.0	60.0	37.0	51.0	13.0
1	3	7	9	17.0	7.0	13.0	16.0	0
1	3	8	-	10.0	18.0	15.0	13.0	20.0
1	3	8	1	15.0	30.0	30.0	66.0	28.0
1	3	8	12	1.0	6.0	2.0	7.0	0
1	3	8	3	5.0	2.0	3.0	0	0
1	3	8	4	15.0	43.0	21.0	11.0	14.0
1	3	8	6	56.0	47.0	79.0	61.0	15.0
1	3	8	7	99.0	174.0	136.0	86.0	42.0
1	3	98	1	26.0	134.0	48.0	125.0	240.0
1	3	99	-	56.0	44.0	52.0	46.0	4.0
1	3	99	12	1.0	2.0	12.0	7.0	9.0
1	3	99	16	296.0	201.0	407.0	374.0	60.0
1	3	99	23	5.0	0	4.0	9.0	3.0
1	3	99	30	4.0	0	0	0	0
1	3	99	32	11.0	16.0	18.0	19.0	16.0
1	3	99	38	7.0	13.0	20.0	8.0	3.0
1	3	99	4	3.0	0	2.0	0	0
1	3	99	8	9.0	3.0	16.0	5.0	1.0
1	4	1	1	68.0	58.0	103.0	109.0	139.0
1	4	1	-	9.0	17.0	14.0	9.0	2.0
1	4	1	-	253.0	241.0	408.0	328.0	358.0
1	4	1	18	13.0	3.0	22.0	18.0	0
1	4	1	2	42.0	78.0	126.0	41.0	70.0
1	4	1	21	3.0	4.0	5.0	1.0	0
1	4	1	23	1.0	0	2.0	0	0
1	4	1	24	1.0	1.0	3.0	0	13.0
1	4	1	3	112.0	139.0	217.0	249.0	155.0
1	4	1	4	13.0	45.0	44.0	184.0	537.0
1	4	1	9	11.0	18.0	17.0	29.0	6.0
1	4	3	16	33.0	46.0	45.0	62.0	151.0
1	4	3	19	7.0	3.0	3.0	12.0	1.0
1	4	3	21	13.0	3.0	46.0	15.0	0
1	4	3	4	35.0	21.0	37.0	15.0	3.0
1	4	3	5	26.0	39.0	58.0	51.0	25.0
1	4	4	2	135.0	171.0	320.0	209.0	323.0
1	4	5	1	12.0	17.0	17.0	3.0	0
1	4	7	1	97.0	84.0	92.0	83.0	70.0
1	4	9	1	6.0	2.0	2.0	14.0	0
1	5	-	-	17.0	15.0	36.0	34.0	39.0
1	5	1	10	2.0	2.0	7.0	1.0	21.0
1	5	1	2	19.0	29.0	27.0	27.0	93.0
1	5	1	20	72.0	68.0	133.0	76.0	156.0
1	5	1	28	1.0	3.0	1.0	0	8.0
1	5	1	33	8.0	7.0	12.0	6.0	1.0
1	5	1	38	2.0	0	0	2.0	20.0
1	5	1	40	40.0	29.0	58.0	38.0	10.0
-	-	-	-	35.0	33.0	58.0	40.0	75.0
-	-	-	-	10.0	8.0	31.0	9.0	23.0
1	5	1	7	7.0	12.0	4.0	18.0	119.0
1	5	1	-	1.0	0	3.0	2.0	1.0
1	5	3	1	32.0	26.0	44.0	37.0	10.0
1	5	3	19	22.0	7.0	20.0	9.0	0
1	5	5	-	5.0	17.0	16.0	14.0	3.0
1	5	5	1	42.0	57.0	43.0	65.0	95.0
1	-	-	-	9.0	12.0	32.0	16.0	10.0
1	5	8	-	16.0	13.0	3.0	10.0	0
1	5	8	4	9.0	9.0	13.0	10.0	3.0
1	5	98	2	8.0	2.0	11.0	1.0	7.0
1	5	98	3	1.0	2.0	5.0	3.0	0
1	5	99	-	8.0	3.0	1.0	3.0	0
1	5	99	14	5.0	0	1.0	0	0
1	5	99	6	9.0	0	4.0	7.0	0
1	6	1	1	25.0	15.0	19.0	26.0	3.0
1	6	1	2	128.0	147.0	190.0	189.0	134.0
1	6	2	2	9.0	5.0	11.0	1.0	0
1	6	3	3	1.0	0	2.0	2.0	9.0
1	6	3	4	1.0	0	3.0	12.0	23.0
1	6	4	-	2.0	3.0	7.0	4.0	3.0
1	6	5	2	9.0	8.0	32.0	68.0	63.0
1	6	5	3	1033.0	1426.0	2238.0	1962.0	1716.0
1	6	-	-	26.0	40.0	166.0	29.0	12.0
1	6	5	5	60.0	47.0	112.0	79.0	27.0
1	6	5	8	3.0	2.0	20.0	8.0	12.0
1	6	99	3	34.0	47.0	76.0	47.0	51.0
1	7	-	-	6.0	7.0	6.0	4.0	3.0
1	7	1	13	21.0	19.0	31.0	43.0	30.0
1	7	1	14	1.0	0	0	0	0
1	7	1	15	41.0	9.0	32.0	24.0	22.0
1	7	1	6	1.0	0	0	0	0
1	7	1	7	5.0	5.0	22.0	16.0	8.0
1	7	2	1	60.0	220.0	89.0	108.0	9.0
1	7	-	-	3.0	27.0	0	1.0	6.0
1	7	2	2	2.0	1.0	1.0	5.0	7.0
1	7	2	3	16.0	13.0	24.0	17.0	97.0
1	7	2	4	22.0	154.0	39.0	139.0	61.0
1	7	2	5	33.0	228.0	37.0	47.0	41.0
1	7	2	6	29.0	40.0	20.0	67.0	0
1	7	3	3	7.0	8.0	20.0	4.0	5.0
1	7	-	-	227.0	556.0	142.0	347.0	169.0
1	7	7	1	15.0	0	10.0	5.0	9.0
1	7	7	2	2.0	0	1.0	2.0	0
1	7	99	-	27.0	16.0	23.0	23.0	4.0
1	7	99	1	15.0	66.0	126.0	48.0	135.0
1	8	-	-	71.0	46.0	46.0	47.0	7.0
1	8	1	15	2.0	0	0	2.0	0
1	8	1	2	58.0	64.0	76.0	81.0	10.0
1	8	1	4	171.0	163.0	377.0	271.0	275.0
1	8	1	7	12.0	11.0	41.0	13.0	6.0
1	8	1	8	20.0	37.0	43.0	65.0	128.0
1	8	1	9	169.0	151.0	243.0	213.0	187.0
1	8	2	1	1.0	0	0	0	0
1	8	2	2	14.0	5.0	9.0	6.0	4.0
1	8	2	3	3.0	0	2.0	0	0
1	8	4	-	31.0	27.0	52.0	43.0	13.0
1	8	4	11	135.0	89.0	178.0	125.0	26.0
1	8	4	-	12.0	11.0	20.0	8.0	20.0
1	8	4	12	94.0	62.0	95.0	58.0	16.0
1	8	4	14	14.0	4.0	8.0	8.0	28.0
1	8	4	-	43.0	42.0	74.0	55.0	32.0
1	8	5	2	8.0	71.0	35.0	107.0	22.0
1	8	5	3	5.0	4.0	6.0	11.0	17.0
1	8	5	4	48.0	92.0	79.0	109.0	65.0
1	8	5	5	1.0	3.0	4.0	10.0	10.0
1	8	5	6	8.0	4.0	13.0	9.0	7.0
1	8	5	7	9.0	7.0	46.0	10.0	0
1	8	7	1	32.0	26.0	38.0	23.0	3.0
1	8	-	-	27.0	23.0	42.0	128.0	301.0
1	8	99	2	24.0	39.0	70.0	104.0	44.0
1	8	99	5	13.0	16.0	73.0	102.0	52.0
1	9	3	1	777.0	1019.0	1593.0	860.0	271.0
1	97	1	4	56.0	71.0	60.0	71.0	233.0
1	97	1	9	3.0	8.0	8.0	13.0	5.0
2	-	-	-	24.0	16.0	32.0	18.0	49.0
2	1	1	-	98.0	114.0	200.0	139.0	153.0
2	-	-	-	7.0	6.0	3.0	17.0	0
2	1	1	10	8.0	1.0	0	0	0
2	1	1	104	1.0	3.0	4.0	3.0	0
2	1	1	107	9.0	5.0	13.0	14.0	7.0
-	-	-	-	3.0	1.0	6.0	8.0	0
-	-	-	-	12.0	24.0	27.0	22.0	13.0
2	1	1	11	1.0	4.0	3.0	1.0	0
2	1	1	113	94.0	56.0	108.0	65.0	63.0
2	1	1	13	140.0	186.0	265.0	206.0	260.0
2	1	1	131	2.0	1.0	2.0	0	2.0
2	1	1	-	3.0	1.0	1.0	2.0	2.0
2	1	1	137	52.0	53.0	66.0	63.0	95.0
2	1	1	14	143.0	102.0	224.0	141.0	31.0
2	1	1	144	7.0	4.0	4.0	5.0	1.0
2	1	1	148	16.0	23.0	28.0	38.0	19.0
2	1	1	-	50.0	35.0	62.0	53.0	51.0
2	1	1	166	8.0	21.0	32.0	11.0	11.0
2	1	1	170	8.0	14.0	22.0	24.0	30.0
2	1	1	171	7.0	0	0	6.0	1.0
2	1	1	-	1.0	0	3.0	0	0
2	1	1	176	23.0	16.0	30.0	25.0	22.0
2	1	1	177	9.0	17.0	33.0	25.0	42.0
2	1	1	-	33.0	18.0	26.0	18.0	4.0
2	1	1	181	1.0	3.0	3.0	4.0	32.0
2	1	1	182	10.0	11.0	20.0	30.0	42.0
2	1	1	185	6.0	14.0	18.0	31.0	55.0
2	1	1	186	1.0	0	1.0	0	0
2	1	1	190	20.0	26.0	67.0	38.0	63.0
2	1	1	191	23.0	19.0	59.0	44.0	68.0
2	1	1	192	60.0	59.0	103.0	54.0	101.0
2	1	1	193	9.0	9.0	11.0	16.0	26.0
2	1	1	195	1.0	0	2.0	0	2.0
2	1	1	197	6.0	1.0	6.0	3.0	2.0
2	1	1	198	26.0	35.0	51.0	58.0	85.0
2	1	1	199	565.0	457.0	920.0	758.0	2299.0
2	1	1	207	1.0	5.0	10.0	1.0	12.0
2	1	1	208	2.0	0	0	0	1.0
2	1	1	21	23.0	36.0	32.0	29.0	1.0
2	1	1	-	7.0	10.0	15.0	9.0	12.0
2	1	1	22	1.0	0	3.0	0	0
2	1	1	-	9.0	32.0	31.0	18.0	36.0
2	1	1	-	8.0	10.0	4.0	14.0	14.0
2	1	1	228	83.0	80.0	165.0	105.0	109.0
2	1	1	245	9.0	21.0	14.0	27.0	154.0
2	1	1	246	3.0	1.0	3.0	4.0	6.0
2	1	1	248	2.0	5.0	7.0	1.0	2.0
2	1	1	250	3.0	9.0	28.0	22.0	14.0
2	1	1	255	3.0	0	0	0	0
2	1	1	258	2.0	12.0	5.0	6.0	9.0
2	1	1	266	5.0	2.0	5.0	9.0	1.0
2	1	1	272	1.0	0	0	0	0
2	1	1	297	17.0	23.0	28.0	27.0	29.0
2	1	1	303	2.0	0	0	1.0	0
2	1	1	310	2.0	0	11.0	2.0	0
2	1	1	317	1.0	0	9.0	6.0	0
2	1	1	319	5.0	8.0	33.0	17.0	9.0
2	1	1	334	11.0	7.0	1.0	2.0	1.0
2	1	1	34	2.0	1.0	0	4.0	0
2	1	1	341	14.0	2.0	20.0	3.0	0
2	1	1	37	82.0	72.0	97.0	118.0	115.0
2	1	1	41	1.0	3.0	58.0	5.0	0
2	1	1	43	1.0	0	9.0	3.0	0
2	1	1	44	2.0	2.0	10.0	2.0	13.0
-	-	-	-	3.0	0	1.0	1.0	0
2	1	1	45	33.0	30.0	27.0	55.0	82.0
2	1	1	5	6.0	5.0	4.0	3.0	0
2	1	1	6	2.0	0	3.0	0	0
-	-	-	-	6.0	3.0	0	1.0	1.0
2	1	1	63	24.0	21.0	21.0	26.0	44.0
2	1	1	72	498.0	278.0	616.0	436.0	610.0
2	1	1	74	16.0	21.0	16.0	22.0	27.0
2	1	1	77	34.0	34.0	122.0	48.0	23.0
2	1	1	79	33.0	38.0	57.0	77.0	61.0
2	1	1	80	31.0	24.0	35.0	55.0	52.0
-	-	-	-	81.0	122.0	86.0	173.0	333.0
2	1	1	86	2.0	3.0	1.0	13.0	26.0
2	1	1	90	1.0	8.0	15.0	6.0	38.0
2	1	1	95	2.0	1.0	0	0	0
2	1	2	1	107.0	129.0	170.0	145.0	255.0
2	1	2	10	145.0	107.0	161.0	171.0	173.0
2	1	2	11	49.0	62.0	55.0	110.0	64.0
2	1	2	2	17.0	24.0	36.0	31.0	62.0
-	-	-	-	65.0	83.0	127.0	111.0	205.0
2	1	2	5	7.0	3.0	14.0	5.0	7.0
-	-	-	-	3.0	8.0	23.0	38.0	51.0
2	1	2	9	36.0	61.0	46.0	71.0	75.0
2	1	3	-	106.0	81.0	64.0	105.0	12.0
2	1	3	1	1.0	9.0	7.0	10.0	17.0
2	1	3	2	39.0	60.0	71.0	60.0	142.0
2	1	3	3	49.0	67.0	86.0	119.0	176.0
2	1	3	5	1.0	0	0	0	0
2	1	3	9	6.0	7.0	10.0	4.0	18.0
2	1	4	1	11.0	19.0	10.0	31.0	8.0
2	10	1	1	31.0	30.0	33.0	50.0	38.0
2	2	1	1	239.0	244.0	392.0	359.0	409.0
2	2	1	2	140.0	180.0	234.0	233.0	151.0
-	-	-	-	50.0	59.0	44.0	90.0	21.0
2	2	1	6	419.0	258.0	646.0	406.0	381.0
2	2	1	7	104.0	126.0	167.0	203.0	147.0
2	3	1	-	89.0	152.0	149.0	141.0	114.0
2	3	1	1	15.0	14.0	15.0	19.0	14.0
2	3	1	101	3.0	0	7.0	7.0	12.0
2	3	1	109	3.0	0	0	0	0
2	3	1	111	1.0	0	0	0	0
2	3	1	117	10.0	15.0	23.0	20.0	23.0
2	3	1	118	1.0	2.0	1.0	4.0	0
2	3	1	12	89.0	134.0	183.0	160.0	103.0
2	3	1	129	19.0	30.0	27.0	48.0	72.0
2	3	1	15	105.0	90.0	178.0	149.0	104.0
2	3	1	158	1.0	0	17.0	5.0	0
2	3	1	16	79.0	100.0	135.0	115.0	26.0
2	3	1	168	23.0	18.0	39.0	15.0	19.0
2	3	1	169	4.0	17.0	15.0	22.0	23.0
2	3	1	174	2.0	3.0	0	1.0	0
2	3	1	179	203.0	224.0	283.0	401.0	407.0
2	3	1	180	108.0	133.0	206.0	158.0	254.0
2	3	1	181	18.0	19.0	57.0	42.0	58.0
2	3	1	182	2.0	5.0	14.0	11.0	40.0
2	3	1	183	13.0	11.0	24.0	20.0	35.0
2	3	1	184	5.0	11.0	16.0	2.0	0
2	3	1	191	29.0	30.0	52.0	74.0	92.0
2	3	1	20	2.0	2.0	4.0	6.0	0
2	3	1	201	16.0	6.0	19.0	11.0	20.0
2	3	1	203	1.0	0	0	0	3.0
2	3	1	207	2.0	3.0	0	0	11.0
2	3	1	-	1.0	1.0	0	0	0
2	3	1	225	1.0	0	5.0	0	0
2	3	1	234	29.0	19.0	33.0	32.0	95.0
2	3	1	241	7.0	12.0	21.0	14.0	52.0
2	3	1	245	16.0	6.0	15.0	5.0	8.0
2	3	1	247	6.0	1.0	9.0	8.0	17.0
2	3	1	251	1.0	0	0	0	0
2	3	1	254	1.0	0	7.0	1.0	6.0
2	3	1	258	1.0	0	3.0	0	0
2	3	1	26	1.0	0	2.0	0	0
2	3	1	265	3.0	2.0	6.0	2.0	0
2	3	1	266	23.0	24.0	30.0	36.0	13.0
2	3	1	267	2.0	9.0	16.0	12.0	13.0
2	3	1	29	35.0	87.0	82.0	120.0	350.0
2	3	1	30	37.0	39.0	61.0	75.0	44.0
2	3	1	31	32.0	12.0	40.0	55.0	28.0
2	3	1	-	35.0	26.0	51.0	31.0	46.0
2	3	1	37	7.0	10.0	18.0	14.0	0
2	3	1	39	31.0	51.0	60.0	81.0	115.0
-	-	-	-	13.0	9.0	22.0	20.0	14.0
2	3	1	41	10.0	20.0	34.0	20.0	37.0
2	3	1	43	4.0	1.0	0	1.0	0
2	3	1	46	7.0	4.0	12.0	6.0	43.0
2	3	1	47	21.0	12.0	26.0	24.0	21.0
2	3	1	48	7.0	9.0	41.0	11.0	5.0
2	3	1	51	35.0	28.0	45.0	55.0	61.0
2	3	1	54	10.0	17.0	19.0	40.0	141.0
2	3	1	61	145.0	133.0	170.0	182.0	170.0
2	3	1	7	6.0	0	11.0	0	0
2	3	1	79	2.0	0	3.0	2.0	5.0
2	3	1	8	13.0	20.0	24.0	38.0	97.0
2	3	1	81	1.0	2.0	1.0	10.0	1.0
2	3	1	82	5.0	2.0	5.0	5.0	0
2	3	1	86	5.0	0	19.0	2.0	0
2	3	1	9	257.0	305.0	366.0	374.0	164.0
2	3	1	97	1.0	0	14.0	1.0	0
2	3	2	13	5.0	0	4.0	2.0	27.0
2	3	2	23	44.0	32.0	308.0	30.0	92.0
2	3	2	25	2.0	1.0	5.0	0	1.0
2	3	2	26	7.0	7.0	68.0	1.0	3.0
2	3	2	27	8.0	5.0	49.0	9.0	12.0
2	3	2	29	5.0	6.0	15.0	5.0	29.0
-	-	-	-	94.0	100.0	117.0	171.0	93.0
2	3	2	3	1.0	5.0	4.0	13.0	34.0
2	3	2	31	3.0	3.0	29.0	4.0	4.0
2	3	2	32	2.0	0	2.0	1.0	0
2	3	2	6	5.0	7.0	6.0	9.0	1.0
2	3	3	1	264.0	408.0	486.0	591.0	338.0
2	3	3	10	6.0	12.0	12.0	4.0	5.0
2	3	3	13	225.0	170.0	220.0	238.0	212.0
2	3	3	14	4.0	5.0	32.0	13.0	12.0
2	3	3	15	3.0	1.0	13.0	6.0	0
2	3	3	20	5.0	2.0	0	3.0	0
2	3	3	5	14.0	14.0	23.0	12.0	2.0
2	3	3	8	4.0	5.0	28.0	11.0	0
2	3	3	9	94.0	107.0	147.0	102.0	45.0
2	4	-	-	56.0	39.0	92.0	93.0	117.0
2	4	1	-	180.0	135.0	199.0	174.0	289.0
2	4	1	1	123.0	143.0	197.0	242.0	295.0
2	4	1	109	1.0	2.0	3.0	5.0	10.0
2	4	1	11	11.0	6.0	10.0	7.0	9.0
2	4	1	12	3.0	4.0	3.0	5.0	1.0
2	4	1	129	11.0	13.0	10.0	21.0	16.0
-	-	-	-	153.0	164.0	163.0	227.0	316.0
2	4	1	-	1.0	0	5.0	0	0
2	4	1	14	1.0	1.0	0	0	0
2	4	1	-	29.0	29.0	44.0	42.0	13.0
-	-	-	-	15.0	3.0	4.0	7.0	20.0
2	4	1	16	2.0	3.0	20.0	0	0
2	4	1	18	77.0	66.0	124.0	165.0	222.0
2	4	1	180	1.0	0	0	0	0
2	4	1	182	14.0	7.0	20.0	19.0	24.0
2	4	1	187	4.0	21.0	17.0	28.0	24.0
2	4	1	-	4.0	4.0	7.0	11.0	11.0
2	4	1	21	36.0	70.0	95.0	147.0	219.0
2	4	1	212	1.0	1.0	5.0	0	0
2	4	1	217	2.0	0	0	0	0
2	4	1	227	24.0	23.0	23.0	34.0	59.0
2	4	1	245	27.0	17.0	77.0	13.0	10.0
2	4	1	25	38.0	25.0	75.0	63.0	63.0
2	4	1	250	2.0	11.0	10.0	8.0	9.0
2	4	1	258	3.0	1.0	0	0	0
2	4	1	266	2.0	1.0	7.0	3.0	0
2	4	1	267	2.0	0	0	0	1.0
2	4	1	268	5.0	0	2.0	5.0	1.0
2	4	1	281	2.0	1.0	1.0	7.0	25.0
2	4	1	293	1.0	0	0	0	0
2	4	1	315	5.0	4.0	5.0	12.0	7.0
2	4	1	-	1.0	5.0	1.0	10.0	13.0
2	4	1	337	1.0	5.0	0	5.0	2.0
2	4	1	-	15.0	18.0	23.0	29.0	61.0
2	4	1	342	3.0	0	7.0	1.0	0
2	4	1	345	8.0	8.0	26.0	13.0	8.0
2	4	1	346	3.0	0	15.0	2.0	8.0
2	4	1	-	1.0	6.0	6.0	8.0	0
2	4	1	-	4.0	5.0	1.0	7.0	5.0
2	4	1	60	2.0	0	1.0	0	0
2	4	1	64	2.0	1.0	2.0	5.0	0
2	4	1	80	7.0	1.0	15.0	4.0	3.0
2	4	1	83	54.0	50.0	89.0	80.0	93.0
2	4	2	-	21.0	24.0	41.0	37.0	27.0
2	4	2	1	16.0	28.0	39.0	42.0	101.0
2	4	2	10	54.0	35.0	61.0	81.0	69.0
-	-	-	-	7.0	10.0	0	0	1.0
2	4	2	12	1.0	0	5.0	6.0	7.0
2	4	2	14	123.0	107.0	176.0	163.0	293.0
2	4	2	17	33.0	47.0	55.0	58.0	66.0
2	4	2	18	36.0	30.0	38.0	51.0	27.0
2	4	2	19	34.0	17.0	38.0	42.0	75.0
2	4	2	-	2.0	5.0	9.0	7.0	8.0
2	4	2	2	12.0	11.0	30.0	24.0	10.0
2	4	2	22	2.0	0	1.0	4.0	7.0
2	4	2	28	20.0	21.0	36.0	48.0	63.0
2	4	2	29	15.0	37.0	36.0	64.0	122.0
2	4	2	3	73.0	83.0	92.0	59.0	79.0
2	4	2	30	2.0	1.0	14.0	2.0	5.0
2	4	2	31	1.0	0	10.0	1.0	0
2	4	2	4	10.0	20.0	27.0	32.0	11.0
2	4	2	45	4.0	2.0	2.0	0	0
2	4	2	53	8.0	5.0	27.0	19.0	4.0
2	4	2	7	38.0	41.0	63.0	45.0	72.0
2	4	2	8	33.0	57.0	57.0	68.0	42.0
2	4	2	9	63.0	60.0	89.0	109.0	88.0
2	4	99	-	11.0	9.0	25.0	17.0	26.0
2	4	99	16	36.0	22.0	41.0	32.0	5.0
2	4	99	17	26.0	49.0	45.0	76.0	275.0
2	4	99	18	9.0	5.0	50.0	14.0	11.0
2	5	1	-	22.0	21.0	27.0	20.0	66.0
2	5	1	101	11.0	8.0	5.0	5.0	17.0
2	5	1	103	1.0	1.0	0	0	0
2	5	1	105	25.0	5.0	27.0	9.0	4.0
2	5	1	108	7.0	0	4.0	0	0
2	5	1	113	19.0	15.0	16.0	22.0	3.0
2	5	1	120	50.0	44.0	63.0	97.0	6.0
2	5	1	129	23.0	24.0	27.0	34.0	23.0
2	5	1	141	44.0	25.0	61.0	49.0	10.0
2	5	1	15	26.0	52.0	47.0	57.0	88.0
2	5	1	16	18.0	17.0	27.0	29.0	14.0
2	5	1	17	28.0	36.0	52.0	49.0	79.0
2	5	1	18	164.0	112.0	501.0	107.0	79.0
2	5	1	19	26.0	33.0	37.0	60.0	114.0
2	5	1	-	5.0	3.0	42.0	4.0	12.0
2	5	1	-	20.0	23.0	41.0	30.0	60.0
2	5	1	21	2.0	2.0	5.0	20.0	0
2	5	1	26	11.0	15.0	23.0	10.0	12.0
2	5	1	3	15.0	8.0	19.0	7.0	14.0
2	5	1	30	3.0	2.0	0	11.0	5.0
2	5	1	31	83.0	73.0	111.0	127.0	284.0
2	5	1	32	5.0	4.0	12.0	9.0	24.0
2	5	1	39	15.0	12.0	26.0	18.0	16.0
2	-	-	-	2.0	0	0	0	0
2	5	1	41	1.0	0	0	0	1.0
2	5	1	44	6.0	12.0	52.0	16.0	17.0
2	5	1	46	44.0	43.0	75.0	100.0	55.0
2	5	1	47	182.0	139.0	286.0	296.0	163.0
2	5	1	48	21.0	14.0	44.0	20.0	35.0
2	5	1	49	90.0	68.0	125.0	93.0	150.0
2	5	1	-	5.0	1.0	2.0	8.0	0
2	5	1	54	101.0	88.0	132.0	105.0	75.0
2	5	1	55	25.0	44.0	36.0	60.0	96.0
2	5	1	56	7.0	18.0	38.0	30.0	27.0
2	5	1	-	13.0	2.0	8.0	12.0	2.0
2	5	1	58	2.0	2.0	2.0	0	0
2	5	1	59	1.0	0	0	0	2.0
2	5	1	6	266.0	292.0	638.0	384.0	273.0
2	5	1	60	1.0	4.0	3.0	0	6.0
2	5	1	61	16.0	27.0	39.0	35.0	22.0
2	5	1	68	4.0	0	1.0	0	1.0
2	5	1	7	63.0	66.0	106.0	138.0	202.0
2	5	1	72	84.0	92.0	104.0	100.0	99.0
2	5	1	-	9.0	17.0	9.0	12.0	4.0
2	5	1	75	12.0	17.0	25.0	45.0	89.0
2	5	1	77	51.0	33.0	46.0	35.0	2.0
2	5	1	78	22.0	28.0	39.0	65.0	75.0
2	5	1	89	2.0	0	2.0	1.0	0
2	5	1	9	37.0	14.0	38.0	35.0	47.0
2	5	1	90	34.0	38.0	61.0	56.0	54.0
2	6	1	-	76.0	77.0	107.0	97.0	85.0
2	6	1	-	1.0	0	0	3.0	0
2	6	1	1	96.0	89.0	169.0	130.0	245.0
2	6	1	102	28.0	32.0	34.0	34.0	10.0
2	6	1	109	7.0	13.0	11.0	20.0	30.0
2	6	1	110	1.0	0	0	0	0
2	6	1	113	4.0	3.0	3.0	4.0	4.0
2	6	1	-	28.0	44.0	61.0	68.0	42.0
2	6	1	13	15.0	28.0	70.0	39.0	165.0
2	6	1	16	203.0	213.0	333.0	262.0	329.0
2	6	1	17	1.0	7.0	20.0	10.0	6.0
2	6	1	18	15.0	23.0	22.0	6.0	12.0
2	6	1	19	38.0	47.0	49.0	51.0	34.0
2	6	1	-	29.0	28.0	49.0	45.0	21.0
2	6	1	2	1.0	1.0	28.0	6.0	5.0
2	6	1	21	6.0	8.0	20.0	7.0	14.0
2	6	1	33	3.0	5.0	6.0	5.0	32.0
2	6	1	36	14.0	2.0	16.0	9.0	5.0
2	6	1	37	5.0	5.0	9.0	0	13.0
2	6	1	42	169.0	221.0	271.0	261.0	216.0
2	6	1	-	37.0	42.0	63.0	59.0	9.0
2	6	1	52	15.0	51.0	64.0	95.0	269.0
2	6	1	55	20.0	30.0	57.0	66.0	23.0
2	6	1	57	8.0	10.0	14.0	2.0	41.0
2	6	1	59	13.0	17.0	13.0	23.0	24.0
2	6	1	62	7.0	14.0	11.0	10.0	5.0
2	6	1	-	16.0	24.0	33.0	8.0	25.0
2	6	1	76	2.0	4.0	1.0	2.0	0
2	6	1	81	4.0	19.0	7.0	0	0
2	6	1	82	4.0	5.0	3.0	4.0	12.0
2	6	1	83	37.0	18.0	37.0	54.0	93.0
2	6	1	85	12.0	3.0	21.0	26.0	10.0
-	-	-	-	2.0	2.0	2.0	3.0	4.0
2	6	1	88	2.0	9.0	19.0	18.0	99.0
2	6	1	9	58.0	58.0	89.0	116.0	81.0
2	6	1	96	6.0	2.0	18.0	6.0	0
2	6	1	98	5.0	2.0	13.0	9.0	0
2	6	99	2	27.0	23.0	17.0	44.0	35.0
2	7	-	-	22.0	26.0	20.0	43.0	50.0
2	7	1	-	21.0	24.0	29.0	46.0	12.0
2	7	1	107	6.0	14.0	12.0	8.0	5.0
2	7	1	11	6.0	16.0	29.0	34.0	99.0
2	7	1	-	78.0	122.0	191.0	182.0	259.0
2	7	1	12	9.0	6.0	41.0	14.0	9.0
2	7	1	121	37.0	53.0	30.0	39.0	47.0
2	7	1	130	10.0	8.0	8.0	10.0	35.0
2	7	1	137	2.0	4.0	17.0	3.0	0
2	7	1	148	21.0	29.0	26.0	38.0	71.0
2	7	1	15	7.0	10.0	13.0	16.0	27.0
2	7	-	-	2.0	2.0	4.0	1.0	8.0
2	7	1	16	12.0	14.0	27.0	33.0	107.0
2	7	1	161	3.0	1.0	1.0	1.0	0
2	7	1	165	23.0	12.0	22.0	21.0	28.0
2	7	1	167	6.0	5.0	16.0	1.0	16.0
2	7	-	-	12.0	22.0	11.0	12.0	21.0
2	7	1	168	42.0	39.0	61.0	58.0	27.0
2	7	1	17	18.0	13.0	48.0	31.0	147.0
2	7	1	170	6.0	6.0	21.0	26.0	13.0
2	7	1	180	23.0	27.0	62.0	47.0	46.0
2	7	1	184	3.0	0	0	0	1.0
2	7	1	19	19.0	5.0	8.0	9.0	6.0
2	7	1	190	1.0	0	0	0	0
2	7	1	191	9.0	3.0	7.0	13.0	48.0
2	7	1	194	6.0	13.0	4.0	6.0	4.0
2	7	1	2	24.0	52.0	132.0	83.0	165.0
2	7	1	20	11.0	16.0	41.0	17.0	28.0
2	7	1	200	1.0	1.0	0	4.0	7.0
2	7	1	202	2.0	2.0	1.0	0	1.0
2	7	1	21	12.0	13.0	12.0	19.0	35.0
2	7	1	217	1.0	2.0	11.0	0	3.0
2	7	1	-	1.0	0	0	0	8.0
2	7	1	221	4.0	10.0	8.0	9.0	8.0
2	7	1	23	15.0	37.0	35.0	27.0	45.0
2	7	1	24	27.0	38.0	52.0	54.0	31.0
2	7	1	25	25.0	9.0	30.0	17.0	13.0
2	7	1	26	1.0	4.0	0	0	0
2	7	-	-	12.0	28.0	45.0	48.0	60.0
-	-	-	-	1.0	0	1.0	0	4.0
2	7	1	30	149.0	137.0	112.0	171.0	168.0
2	7	1	33	30.0	19.0	27.0	37.0	31.0
2	7	1	37	1.0	0	1.0	2.0	0
2	7	1	39	19.0	23.0	31.0	18.0	17.0
2	7	1	4	4.0	7.0	11.0	7.0	16.0
2	7	1	40	69.0	115.0	180.0	170.0	139.0
2	7	1	45	16.0	23.0	32.0	42.0	99.0
2	7	1	46	1.0	0	0	0	0
2	7	1	48	5.0	24.0	26.0	14.0	117.0
2	7	-	-	18.0	14.0	36.0	26.0	23.0
2	-	-	-	2.0	0	2.0	2.0	5.0
2	7	1	5	17.0	12.0	12.0	27.0	39.0
2	7	1	50	2.0	6.0	4.0	1.0	6.0
2	7	1	51	1.0	1.0	0	0	3.0
2	7	1	52	2.0	1.0	0	1.0	4.0
2	7	1	56	3.0	15.0	10.0	8.0	7.0
2	7	1	6	13.0	20.0	30.0	35.0	109.0
2	7	1	63	9.0	8.0	5.0	21.0	20.0
2	7	1	67	1.0	1.0	13.0	1.0	0
2	7	1	68	2.0	1.0	8.0	1.0	0
2	7	1	71	11.0	20.0	43.0	21.0	46.0
-	-	-	-	3.0	1.0	7.0	5.0	0
2	7	1	72	4.0	0	0	3.0	0
2	7	1	8	1.0	2.0	3.0	5.0	0
2	7	1	90	1.0	5.0	15.0	11.0	76.0
2	7	1	95	2.0	0	8.0	0	1.0
2	7	10	-	6.0	25.0	10.0	8.0	1.0
2	7	10	1	6.0	4.0	11.0	17.0	4.0
2	7	10	2	3.0	2.0	8.0	1.0	0
2	7	11	-	6.0	5.0	31.0	0	0
2	7	-	-	11.0	19.0	27.0	33.0	32.0
2	7	11	1	898.0	835.0	1425.0	1106.0	241.0
2	7	11	11	1.0	2.0	16.0	4.0	5.0
2	7	11	13	1.0	0	2.0	0	5.0
2	7	11	17	7.0	5.0	46.0	3.0	12.0
-	-	-	-	1.0	6.0	4.0	0	0
2	7	11	22	7.0	5.0	47.0	4.0	10.0
2	7	11	-	2.0	5.0	19.0	1.0	10.0
2	7	11	24	7.0	19.0	40.0	1.0	9.0
2	7	11	25	3.0	1.0	24.0	1.0	1.0
-	-	-	-	9.0	12.0	22.0	2.0	26.0
2	7	12	1	1.0	0	16.0	2.0	1.0
2	7	12	2	4.0	0	4.0	3.0	2.0
2	7	13	1	4.0	4.0	2.0	3.0	0
2	7	13	3	267.0	320.0	503.0	576.0	747.0
2	7	14	1	55.0	47.0	63.0	51.0	22.0
2	7	2	-	3.0	6.0	9.0	3.0	1.0
2	7	2	1	23.0	43.0	49.0	67.0	154.0
2	7	2	11	19.0	16.0	30.0	27.0	51.0
2	7	2	2	9.0	14.0	26.0	29.0	69.0
2	7	2	3	58.0	106.0	140.0	133.0	280.0
2	7	2	4	91.0	115.0	139.0	99.0	203.0
-	-	-	-	9.0	15.0	7.0	22.0	55.0
2	7	2	8	21.0	31.0	70.0	54.0	109.0
2	7	3	9	36.0	38.0	57.0	70.0	63.0
2	7	4	1	97.0	122.0	180.0	168.0	160.0
2	7	4	14	12.0	0	6.0	5.0	0
2	7	4	16	9.0	18.0	18.0	18.0	48.0
2	7	4	22	79.0	97.0	150.0	125.0	155.0
2	7	4	25	28.0	23.0	34.0	32.0	53.0
2	7	-	-	4.0	11.0	45.0	27.0	19.0
2	7	4	3	104.0	134.0	160.0	199.0	288.0
2	7	4	6	51.0	37.0	311.0	77.0	98.0
2	7	4	8	62.0	79.0	107.0	112.0	94.0
2	7	4	9	56.0	37.0	48.0	75.0	41.0
2	7	6	1	115.0	162.0	213.0	213.0	256.0
2	7	6	3	11.0	13.0	17.0	10.0	30.0
2	7	6	5	196.0	208.0	255.0	247.0	261.0
-	-	-	-	32.0	41.0	73.0	29.0	26.0
2	7	7	-	72.0	82.0	153.0	109.0	173.0
2	7	7	12	52.0	23.0	35.0	42.0	61.0
2	7	7	13	74.0	70.0	83.0	108.0	241.0
-	-	-	-	17.0	15.0	36.0	19.0	22.0
-	-	-	-	22.0	25.0	22.0	30.0	67.0
2	7	7	14	1.0	2.0	3.0	0	3.0
2	7	7	18	30.0	9.0	24.0	38.0	43.0
2	7	7	19	20.0	22.0	56.0	32.0	32.0
2	7	7	-	3.0	1.0	3.0	0	0
2	-	-	-	80.0	77.0	145.0	99.0	57.0
2	7	7	-	2.0	7.0	7.0	3.0	0
2	7	7	24	878.0	666.0	1002.0	2743.0	1905.0
2	7	7	27	46.0	61.0	80.0	113.0	113.0
2	7	7	3	72.0	62.0	41.0	73.0	43.0
2	7	7	33	37.0	39.0	76.0	97.0	121.0
2	7	7	38	25.0	54.0	47.0	44.0	30.0
2	7	7	4	99.0	100.0	169.0	156.0	89.0
2	7	7	41	26.0	15.0	21.0	22.0	44.0
2	7	7	-	19.0	11.0	41.0	17.0	23.0
2	7	7	43	1.0	3.0	1.0	4.0	0
2	7	7	48	2.0	0	4.0	0	0
2	7	7	49	134.0	87.0	147.0	346.0	36.0
2	7	-	-	31.0	25.0	20.0	41.0	48.0
2	7	7	53	19.0	24.0	16.0	10.0	22.0
2	7	7	56	36.0	18.0	37.0	37.0	43.0
2	7	7	59	60.0	29.0	61.0	53.0	18.0
2	7	7	6	2699.0	3096.0	5401.0	4711.0	4294.0
2	7	7	60	22.0	31.0	29.0	30.0	49.0
-	-	-	-	9.0	6.0	0	16.0	5.0
2	7	7	62	4.0	0	0	2.0	0
2	7	7	64	1.0	0	1.0	0	0
2	7	7	65	32.0	15.0	50.0	50.0	44.0
2	7	7	66	1.0	0	1.0	0	0
2	7	7	67	1.0	2.0	0	1.0	0
2	7	7	68	3.0	2.0	0	0	0
2	7	7	7	862.0	805.0	1176.0	1099.0	1353.0
2	7	7	70	2.0	0	3.0	6.0	3.0
-	-	-	-	10.0	16.0	35.0	19.0	27.0
2	7	7	75	7.0	5.0	23.0	7.0	5.0
2	7	7	76	9.0	7.0	7.0	9.0	0
2	7	7	77	4.0	15.0	17.0	13.0	4.0
2	7	7	8	587.0	672.0	940.0	873.0	771.0
2	7	7	80	30.0	19.0	30.0	30.0	35.0
2	-	-	-	61.0	43.0	114.0	85.0	14.0
2	7	7	85	39.0	22.0	21.0	34.0	35.0
2	7	7	87	16.0	16.0	38.0	16.0	46.0
2	7	7	9	64.0	66.0	70.0	66.0	54.0
2	7	8	-	43.0	20.0	71.0	55.0	102.0
2	7	8	11	2.0	0	1.0	1.0	0
2	7	8	13	40.0	41.0	65.0	76.0	64.0
2	7	8	15	1.0	0	2.0	1.0	0
2	7	8	23	2.0	0	0	0	0
2	7	8	24	1.0	2.0	0	2.0	0
2	7	8	26	1.0	0	3.0	2.0	5.0
2	7	8	28	3.0	3.0	12.0	5.0	0
2	7	8	-	23.0	10.0	27.0	21.0	7.0
2	7	8	41	6.0	10.0	6.0	13.0	6.0
2	7	8	43	1.0	0	0	0	0
2	7	8	5	43.0	42.0	61.0	62.0	31.0
2	7	8	6	1.0	0	5.0	5.0	0
2	7	8	7	11.0	2.0	19.0	12.0	8.0
2	7	8	8	16.0	24.0	32.0	34.0	72.0
2	7	9	1	203.0	332.0	338.0	438.0	924.0
2	7	9	2	24.0	179.0	129.0	142.0	173.0
2	7	9	3	30.0	20.0	50.0	25.0	32.0
2	7	9	6	9.0	16.0	15.0	14.0	8.0
2	8	1	-	30.0	63.0	87.0	151.0	61.0
2	8	1	10	33.0	40.0	46.0	46.0	7.0
2	8	1	11	2.0	1.0	1.0	6.0	36.0
2	8	1	12	49.0	30.0	64.0	57.0	19.0
2	8	1	13	29.0	38.0	80.0	70.0	77.0
2	8	1	15	16.0	2.0	1.0	1.0	0
2	8	1	-	121.0	87.0	143.0	94.0	26.0
2	8	1	4	7.0	5.0	3.0	8.0	10.0
2	8	1	6	32.0	48.0	68.0	47.0	33.0
2	8	1	7	330.0	218.0	423.0	204.0	186.0
-	-	-	-	165.0	69.0	196.0	106.0	81.0
2	8	1	8	68.0	95.0	78.0	85.0	29.0
2	8	2	1	1.0	2.0	0	1.0	0
2	8	3	1	2.0	6.0	8.0	6.0	11.0
2	8	3	12	24.0	26.0	32.0	30.0	38.0
2	8	3	13	6.0	0	2.0	4.0	0
2	8	3	15	12.0	4.0	3.0	2.0	0
2	8	3	16	31.0	26.0	56.0	56.0	22.0
2	8	3	19	10.0	0	23.0	10.0	6.0
2	8	3	5	36.0	77.0	100.0	71.0	94.0
2	8	3	6	2.0	2.0	10.0	1.0	3.0
2	8	3	-	2.0	3.0	7.0	2.0	15.0
2	8	4	1	7.0	1.0	19.0	3.0	78.0
2	8	4	3	121.0	102.0	88.0	134.0	63.0
2	8	4	4	65.0	78.0	107.0	94.0	85.0
2	8	4	5	15.0	26.0	13.0	32.0	40.0
2	9	1	-	2.0	11.0	14.0	4.0	9.0
2	9	1	1	37.0	39.0	48.0	54.0	62.0
3	-	-	-	4.0	4.0	15.0	1.0	9.0
3	1	-	-	515.0	603.0	874.0	921.0	1828.0
3	-	-	-	12.0	10.0	14.0	19.0	7.0
3	-	-	-	6.0	11.0	13.0	9.0	26.0
3	1	1	-	97.0	150.0	161.0	143.0	99.0
3	1	1	1	5.0	7.0	10.0	7.0	4.0
3	1	1	102	6.0	12.0	4.0	2.0	0
3	1	1	11	2.0	5.0	4.0	13.0	21.0
3	1	1	15	1.0	0	3.0	0	0
3	1	1	17	91.0	68.0	164.0	142.0	63.0
3	1	1	22	3.0	1.0	5.0	2.0	0
3	1	1	24	9.0	6.0	20.0	9.0	0
3	1	1	29	53.0	34.0	116.0	113.0	74.0
3	1	1	3	2.0	3.0	9.0	3.0	0
3	1	1	31	39.0	24.0	64.0	50.0	32.0
3	1	1	41	10.0	8.0	11.0	2.0	8.0
3	1	1	45	192.0	161.0	263.0	281.0	57.0
3	1	1	53	21.0	23.0	66.0	59.0	108.0
3	1	1	57	3.0	2.0	9.0	2.0	4.0
3	1	1	61	1.0	3.0	0	2.0	0
3	-	-	-	14.0	34.0	31.0	48.0	45.0
3	1	1	75	17.0	55.0	38.0	19.0	22.0
3	1	1	81	5.0	3.0	12.0	13.0	2.0
3	1	1	83	2.0	4.0	17.0	7.0	0
3	1	11	1	5.0	1.0	1.0	0	4.0
3	1	11	2	32.0	33.0	40.0	33.0	42.0
3	1	11	5	24.0	16.0	30.0	36.0	55.0
3	1	11	6	49.0	35.0	67.0	69.0	82.0
3	1	12	1	2.0	3.0	2.0	5.0	6.0
3	1	13	-	6.0	8.0	77.0	7.0	13.0
3	1	13	1	33.0	32.0	45.0	33.0	105.0
3	1	13	5	15.0	20.0	19.0	19.0	15.0
3	1	2	-	48.0	79.0	109.0	92.0	44.0
3	1	-	-	12.0	5.0	10.0	4.0	6.0
3	1	2	1	2.0	2.0	6.0	18.0	17.0
3	1	2	12	3.0	1.0	11.0	0	11.0
3	1	2	22	3.0	0	6.0	3.0	0
3	1	2	29	1.0	2.0	3.0	3.0	2.0
3	1	2	6	33.0	13.0	31.0	26.0	23.0
3	1	21	-	57.0	42.0	56.0	38.0	95.0
3	1	-	-	2.0	0	0	0	0
3	1	21	2	11.0	7.0	28.0	25.0	46.0
3	1	21	3	292.0	244.0	390.0	316.0	603.0
3	1	21	4	10.0	7.0	12.0	6.0	6.0
3	1	21	5	91.0	85.0	116.0	106.0	134.0
3	1	22	4	20.0	25.0	40.0	47.0	35.0
3	1	26	-	140.0	168.0	187.0	343.0	464.0
3	1	26	11	21.0	25.0	47.0	35.0	29.0
3	1	26	12	87.0	125.0	163.0	93.0	77.0
3	1	26	3	33.0	38.0	72.0	52.0	31.0
3	1	26	4	44.0	52.0	76.0	80.0	93.0
3	1	-	-	3.0	1.0	7.0	6.0	0
3	1	26	5	22.0	16.0	52.0	21.0	80.0
3	1	27	-	3.0	0	18.0	1.0	5.0
3	1	27	1	2.0	0	12.0	0	0
3	1	27	3	2.0	18.0	7.0	3.0	13.0
3	1	3	-	17.0	22.0	33.0	18.0	28.0
3	1	3	1	30.0	21.0	39.0	30.0	39.0
3	1	3	10	1.0	4.0	1.0	4.0	8.0
3	1	3	105	4.0	2.0	7.0	2.0	6.0
3	1	3	11	71.0	48.0	107.0	117.0	26.0
3	1	3	-	7.0	14.0	9.0	17.0	4.0
3	1	3	12	4.0	2.0	9.0	11.0	0
3	1	3	15	4.0	8.0	4.0	2.0	11.0
3	1	3	16	141.0	153.0	405.0	235.0	120.0
3	1	3	-	1.0	0	9.0	4.0	0
3	1	3	18	18.0	15.0	11.0	11.0	37.0
3	1	3	2	6.0	2.0	3.0	2.0	47.0
3	1	3	23	2.0	0	5.0	2.0	0
3	1	3	25	35.0	30.0	46.0	35.0	40.0
3	1	3	-	2.0	1.0	0	1.0	0
3	1	3	27	7.0	8.0	11.0	4.0	5.0
3	1	3	3	37.0	58.0	61.0	56.0	53.0
-	-	-	-	8.0	1.0	9.0	0	0
3	1	3	36	1.0	1.0	10.0	1.0	2.0
3	1	3	37	1.0	0	0	0	0
-	-	-	-	2.0	3.0	0	2.0	0
3	1	3	45	17.0	22.0	26.0	31.0	29.0
3	1	3	48	17.0	30.0	70.0	20.0	24.0
3	1	3	5	44.0	42.0	34.0	69.0	45.0
3	-	-	-	7.0	9.0	8.0	13.0	7.0
3	1	3	64	8.0	7.0	16.0	10.0	1.0
3	1	3	70	2.0	0	0	0	2.0
3	1	3	71	10.0	4.0	7.0	4.0	21.0
3	1	3	73	2.0	6.0	2.0	5.0	0
3	1	3	77	3.0	1.0	0	2.0	0
3	1	-	-	34.0	42.0	43.0	39.0	62.0
3	1	3	8	1.0	2.0	10.0	0	0
3	1	3	-	17.0	10.0	20.0	22.0	16.0
3	1	3	97	24.0	26.0	45.0	31.0	55.0
3	1	4	-	2.0	0	1.0	0	0
3	1	-	-	1.0	6.0	1.0	15.0	29.0
3	1	4	17	4.0	3.0	7.0	5.0	0
3	1	4	3	40.0	15.0	90.0	54.0	3.0
3	1	4	46	15.0	18.0	32.0	31.0	29.0
3	1	4	53	6.0	3.0	4.0	1.0	0
3	1	4	55	4.0	10.0	27.0	18.0	15.0
3	1	4	58	8.0	14.0	2.0	3.0	8.0
3	1	5	1	40.0	25.0	64.0	45.0	50.0
3	1	6	1	94.0	144.0	211.0	184.0	19.0
3	1	6	6	8.0	4.0	9.0	4.0	4.0
3	11	1	1	3.0	4.0	2.0	1.0	0
3	11	1	2	1.0	3.0	2.0	5.0	0
3	13	1	1	9.0	13.0	28.0	14.0	0
3	13	1	6	14.0	3.0	3.0	0	1.0
3	2	-	-	6.0	2.0	5.0	0	1.0
3	2	1	1	15.0	30.0	39.0	41.0	121.0
3	2	1	10	3.0	8.0	10.0	4.0	9.0
3	2	1	106	1.0	0	1.0	0	0
3	2	1	107	3.0	0	3.0	2.0	0
3	2	1	113	1.0	1.0	9.0	0	0
3	2	1	123	2.0	2.0	1.0	1.0	2.0
3	2	1	135	8.0	1.0	9.0	14.0	10.0
3	2	1	139	5.0	2.0	6.0	10.0	21.0
3	2	1	14	14.0	17.0	20.0	26.0	15.0
3	2	1	141	6.0	14.0	7.0	20.0	1.0
-	-	-	-	1.0	2.0	0	0	0
3	2	1	17	5.0	2.0	0	13.0	14.0
3	2	1	170	2.0	3.0	0	4.0	0
3	2	1	172	4.0	25.0	5.0	22.0	46.0
3	2	1	177	17.0	25.0	29.0	74.0	155.0
3	2	1	18	4.0	2.0	0	2.0	0
3	2	1	180	1.0	5.0	6.0	0	2.0
3	2	1	183	1.0	0	2.0	0	0
3	2	1	184	1.0	6.0	10.0	6.0	15.0
3	2	1	196	1.0	0	1.0	0	1.0
3	2	1	197	3.0	12.0	2.0	5.0	3.0
3	2	1	20	32.0	41.0	57.0	62.0	99.0
3	2	1	21	139.0	112.0	197.0	344.0	435.0
3	2	1	22	62.0	79.0	88.0	112.0	324.0
3	2	1	23	43.0	93.0	124.0	222.0	565.0
3	2	1	24	12.0	26.0	29.0	43.0	122.0
3	2	1	25	13.0	20.0	21.0	28.0	27.0
3	2	1	26	2.0	4.0	6.0	11.0	6.0
3	2	1	28	4.0	7.0	3.0	3.0	0
3	2	1	3	19.0	21.0	16.0	29.0	2.0
3	2	1	31	2.0	1.0	4.0	25.0	24.0
3	2	1	35	8.0	14.0	22.0	22.0	0
3	2	1	37	10.0	23.0	36.0	41.0	44.0
3	2	1	39	1.0	0	0	0	0
3	2	1	4	47.0	54.0	64.0	174.0	839.0
3	2	1	40	14.0	30.0	52.0	63.0	160.0
3	2	1	45	17.0	28.0	54.0	81.0	64.0
3	2	1	51	39.0	79.0	114.0	170.0	378.0
3	2	1	52	47.0	36.0	72.0	79.0	138.0
3	2	1	-	4.0	7.0	17.0	6.0	4.0
3	2	1	55	24.0	27.0	51.0	77.0	75.0
3	2	1	58	2.0	0	2.0	0	0
3	2	1	68	40.0	40.0	45.0	67.0	23.0
3	2	1	78	13.0	18.0	14.0	22.0	103.0
3	2	1	8	13.0	19.0	8.0	42.0	135.0
3	2	1	80	2.0	10.0	5.0	9.0	19.0
3	2	1	86	8.0	4.0	12.0	8.0	4.0
3	2	1	89	2.0	13.0	15.0	13.0	41.0
3	2	1	91	3.0	2.0	29.0	66.0	29.0
3	2	1	93	1.0	0	3.0	2.0	7.0
3	2	1	99	7.0	19.0	13.0	13.0	35.0
3	2	2	-	1.0	1.0	2.0	1.0	0
-	-	-	-	2.0	9.0	5.0	14.0	17.0
3	2	2	1	9.0	2.0	15.0	4.0	10.0
3	2	2	-	41.0	68.0	81.0	80.0	81.0
3	2	2	20	19.0	10.0	25.0	27.0	38.0
3	2	2	21	25.0	22.0	31.0	46.0	26.0
-	-	-	-	19.0	16.0	39.0	24.0	15.0
3	2	2	26	1.0	0	0	2.0	4.0
3	2	2	27	64.0	45.0	79.0	61.0	50.0
3	2	2	28	5.0	4.0	5.0	10.0	7.0
3	2	2	31	10.0	8.0	21.0	13.0	21.0
3	2	2	4	5.0	4.0	8.0	24.0	30.0
3	2	2	9	5.0	10.0	10.0	1.0	1.0
3	3	1	1	310.0	296.0	527.0	391.0	300.0
-	-	-	-	2.0	46.0	3.0	8.0	0
3	3	2	6	1.0	5.0	15.0	0	0
3	3	2	8	1.0	0	5.0	5.0	0
3	4	-	-	105.0	126.0	219.0	142.0	217.0
3	4	-	-	2.0	3.0	8.0	7.0	0
3	4	11	-	69.0	43.0	70.0	59.0	20.0
3	4	11	1	81.0	77.0	82.0	99.0	57.0
3	4	11	10	4.0	2.0	3.0	3.0	0
3	4	11	18	82.0	157.0	253.0	311.0	319.0
3	4	11	19	12.0	8.0	4.0	4.0	4.0
3	4	11	2	36.0	50.0	88.0	66.0	60.0
3	4	11	21	3.0	3.0	19.0	1.0	18.0
3	4	11	24	1.0	1.0	1.0	2.0	0
3	4	11	25	2.0	0	1.0	0	0
3	4	11	4	19.0	24.0	17.0	47.0	73.0
3	4	11	5	14.0	19.0	36.0	35.0	14.0
3	4	11	9	97.0	114.0	143.0	138.0	171.0
3	4	13	-	10.0	16.0	19.0	57.0	236.0
3	4	13	19	39.0	38.0	51.0	61.0	56.0
3	4	13	21	3.0	3.0	1.0	13.0	5.0
3	4	13	22	6.0	3.0	7.0	3.0	17.0
3	4	13	9	14.0	9.0	17.0	30.0	9.0
3	4	14	10	1.0	0	3.0	0	0
3	4	14	13	2.0	2.0	0	0	0
3	4	14	4	15.0	23.0	40.0	28.0	38.0
3	4	14	5	35.0	48.0	50.0	95.0	43.0
3	4	14	9	9.0	10.0	53.0	9.0	0
3	4	15	1	23.0	23.0	23.0	27.0	34.0
3	4	15	5	22.0	42.0	32.0	75.0	208.0
3	4	15	6	11.0	27.0	33.0	10.0	3.0
3	4	16	4	196.0	170.0	281.0	250.0	223.0
3	4	-	-	14.0	22.0	23.0	36.0	21.0
3	4	16	6	1.0	2.0	21.0	1.0	2.0
3	4	17	-	1.0	7.0	0	3.0	0
3	4	17	11	12.0	14.0	21.0	25.0	5.0
3	4	17	13	10.0	14.0	6.0	9.0	15.0
3	4	17	14	3.0	7.0	1.0	2.0	9.0
3	4	17	18	17.0	15.0	21.0	23.0	3.0
3	4	17	19	20.0	16.0	49.0	34.0	20.0
3	4	17	21	35.0	43.0	30.0	54.0	12.0
3	4	17	22	2.0	2.0	1.0	0	0
3	4	19	-	3.0	0	2.0	0	9.0
3	4	19	1	2.0	1.0	2.0	1.0	4.0
3	4	19	12	30.0	22.0	122.0	15.0	15.0
3	4	19	15	1.0	0	0	0	0
3	4	19	5	1.0	8.0	21.0	6.0	24.0
3	4	21	-	216.0	264.0	278.0	394.0	260.0
3	4	21	102	457.0	399.0	650.0	590.0	418.0
3	4	21	105	7.0	4.0	7.0	11.0	9.0
3	4	21	107	215.0	217.0	307.0	346.0	104.0
3	4	21	111	23.0	0	8.0	3.0	0
3	4	21	116	5.0	34.0	24.0	4.0	6.0
3	4	21	26	41.0	73.0	99.0	126.0	70.0
3	4	21	48	5.0	5.0	16.0	0	0
3	4	21	50	2.0	4.0	9.0	16.0	19.0
3	4	21	53	938.0	1093.0	1346.0	1689.0	1246.0
3	4	21	62	4.0	4.0	3.0	4.0	10.0
3	4	21	66	4.0	4.0	5.0	4.0	3.0
3	4	21	83	42.0	68.0	94.0	99.0	29.0
3	4	21	88	134.0	116.0	162.0	196.0	159.0
3	4	21	89	86.0	99.0	177.0	192.0	211.0
3	4	21	92	495.0	420.0	524.0	536.0	420.0
3	4	22	40	1.0	7.0	19.0	20.0	63.0
3	4	22	70	5.0	4.0	7.0	4.0	12.0
3	4	23	-	1.0	0	9.0	23.0	12.0
3	4	23	25	6.0	6.0	54.0	5.0	3.0
3	4	23	36	29.0	37.0	26.0	21.0	29.0
3	4	23	43	5.0	10.0	11.0	7.0	2.0
-	-	-	-	7.0	20.0	19.0	19.0	15.0
3	4	23	5	1.0	0	4.0	0	0
3	4	24	-	1091.0	1331.0	1804.0	1891.0	1484.0
3	4	24	15	8.0	8.0	15.0	12.0	2.0
3	4	24	21	5.0	0	0	0	0
3	4	24	25	11.0	0	2.0	1.0	0
3	4	24	28	10.0	16.0	20.0	11.0	2.0
3	4	24	3	1.0	2.0	3.0	1.0	0
3	4	24	40	7.0	5.0	3.0	5.0	0
3	4	24	56	1.0	4.0	39.0	2.0	3.0
3	4	24	64	6.0	6.0	59.0	7.0	2.0
3	4	24	70	16.0	28.0	45.0	21.0	64.0
3	4	24	71	9.0	7.0	8.0	46.0	2.0
3	4	24	84	11.0	12.0	33.0	17.0	23.0
3	4	24	89	1.0	0	0	0	0
3	4	25	1	93.0	73.0	418.0	114.0	102.0
3	4	25	2	18.0	42.0	41.0	43.0	10.0
3	5	1	-	51.0	51.0	97.0	55.0	51.0
3	5	1	1	23.0	21.0	19.0	20.0	44.0
3	5	1	10	3.0	19.0	17.0	24.0	57.0
3	5	1	101	1.0	5.0	2.0	0	1.0
3	5	1	104	24.0	16.0	16.0	16.0	21.0
3	5	1	105	16.0	11.0	29.0	27.0	4.0
3	5	1	106	2.0	0	0	0	0
3	5	1	108	68.0	60.0	116.0	100.0	28.0
-	-	-	-	23.0	30.0	48.0	84.0	135.0
3	5	1	11	21.0	31.0	43.0	62.0	15.0
3	5	1	110	9.0	6.0	6.0	8.0	5.0
3	5	1	115	4.0	1.0	0	2.0	0
3	5	1	119	26.0	40.0	33.0	60.0	0
3	5	1	124	69.0	95.0	99.0	84.0	337.0
3	5	1	16	31.0	21.0	69.0	46.0	43.0
3	5	1	18	9.0	5.0	29.0	12.0	22.0
3	5	1	-	26.0	11.0	6.0	24.0	5.0
3	5	1	2	3.0	2.0	8.0	2.0	0
3	5	1	23	3.0	7.0	21.0	1.0	0
3	5	1	24	1.0	1.0	6.0	3.0	38.0
3	5	1	25	10.0	12.0	16.0	22.0	59.0
3	5	1	26	15.0	13.0	20.0	20.0	0
3	5	1	28	59.0	73.0	67.0	121.0	176.0
3	5	1	3	5.0	0	11.0	13.0	34.0
3	5	1	4	91.0	50.0	99.0	77.0	40.0
3	5	1	42	27.0	18.0	43.0	53.0	58.0
3	5	1	44	2.0	4.0	8.0	11.0	5.0
3	5	1	49	12.0	17.0	24.0	18.0	1.0
3	5	1	5	56.0	31.0	51.0	69.0	17.0
3	5	1	53	26.0	31.0	36.0	37.0	31.0
3	5	1	54	6.0	3.0	1.0	2.0	0
3	5	1	56	10.0	3.0	2.0	0	2.0
3	5	1	59	1.0	0	0	0	0
3	5	1	6	79.0	68.0	78.0	88.0	7.0
3	5	1	-	30.0	21.0	25.0	19.0	22.0
3	5	1	81	38.0	35.0	65.0	70.0	17.0
3	5	1	88	82.0	68.0	107.0	78.0	95.0
3	5	1	9	19.0	10.0	17.0	12.0	1.0
3	5	1	94	1.0	0	1.0	1.0	0
3	5	1	97	8.0	6.0	13.0	17.0	0
3	5	1	98	7.0	5.0	16.0	5.0	5.0
3	5	1	99	2.0	0	1.0	0	0
3	5	2	1	1.0	0	7.0	0	5.0
3	5	2	10	34.0	23.0	46.0	39.0	80.0
3	5	2	14	176.0	104.0	211.0	111.0	12.0
3	5	2	17	1.0	5.0	9.0	7.0	2.0
3	5	2	18	2.0	0	6.0	0	1.0
3	5	2	2	70.0	48.0	71.0	80.0	11.0
3	5	2	3	93.0	79.0	151.0	155.0	206.0
3	5	2	5	10.0	9.0	22.0	5.0	2.0
3	5	2	6	44.0	32.0	21.0	77.0	11.0
3	5	2	7	13.0	26.0	16.0	35.0	49.0
3	5	2	9	10.0	14.0	28.0	5.0	4.0
3	5	3	1	18.0	21.0	26.0	25.0	0
3	5	3	11	19.0	20.0	75.0	25.0	35.0
3	5	3	12	9.0	5.0	8.0	11.0	19.0
3	5	3	13	8.0	2.0	0	4.0	0
3	5	3	15	1.0	0	0	0	0
3	5	3	18	3.0	0	3.0	8.0	1.0
3	5	3	23	1.0	0	2.0	0	0
3	5	3	26	3.0	4.0	0	3.0	0
3	5	3	4	8.0	3.0	2.0	9.0	0
3	5	3	6	14.0	7.0	26.0	19.0	17.0
3	5	3	7	2.0	0	0	0	0
3	5	3	8	2.0	3.0	5.0	5.0	0
3	5	3	9	1.0	5.0	0	6.0	0
3	5	4	1	15.0	8.0	12.0	6.0	25.0
3	5	4	12	9.0	11.0	14.0	31.0	46.0
3	5	4	13	91.0	70.0	89.0	80.0	15.0
3	5	4	16	100.0	82.0	134.0	104.0	76.0
3	5	4	19	12.0	9.0	53.0	22.0	14.0
3	5	4	2	10.0	6.0	14.0	25.0	72.0
3	5	4	22	5.0	4.0	2.0	7.0	3.0
3	5	4	25	7.0	4.0	14.0	4.0	9.0
-	-	-	-	21.0	25.0	22.0	20.0	37.0
3	5	4	27	2.0	3.0	6.0	10.0	0
3	5	4	29	2.0	0	0	0	0
3	5	4	-	15.0	23.0	26.0	19.0	7.0
3	5	4	33	23.0	22.0	36.0	40.0	53.0
3	5	4	4	15.0	29.0	39.0	19.0	20.0
3	5	4	40	3.0	3.0	16.0	15.0	9.0
3	5	4	44	2.0	2.0	0	1.0	0
3	5	4	5	5.0	9.0	16.0	31.0	17.0
3	5	4	6	2.0	0	2.0	0	0
3	5	5	1	3.0	2.0	7.0	3.0	0
3	5	5	7	4.0	2.0	2.0	1.0	0
3	5	5	8	2.0	0	4.0	0	0
3	5	99	10	28.0	32.0	62.0	53.0	35.0
3	5	99	2	8.0	2.0	6.0	3.0	0
3	5	99	5	1.0	2.0	0	1.0	0
3	5	99	6	34.0	44.0	65.0	65.0	190.0
3	5	99	7	2.0	3.0	1.0	5.0	0
3	6	-	-	20.0	31.0	36.0	21.0	75.0
3	6	1	-	33.0	27.0	58.0	16.0	29.0
3	-	-	-	23.0	32.0	45.0	38.0	98.0
3	6	1	1	216.0	264.0	465.0	382.0	695.0
3	6	1	10	1.0	0	1.0	0	0
3	6	1	-	29.0	35.0	68.0	44.0	28.0
3	6	1	13	13.0	16.0	38.0	24.0	16.0
3	6	1	17	1.0	0	0	0	0
3	6	1	22	7.0	2.0	7.0	8.0	4.0
3	6	1	23	14.0	21.0	21.0	27.0	78.0
3	6	1	27	47.0	36.0	48.0	55.0	53.0
3	6	1	31	18.0	8.0	38.0	17.0	28.0
3	-	-	-	12.0	11.0	10.0	18.0	62.0
3	6	1	41	5.0	2.0	12.0	5.0	4.0
3	6	1	54	2.0	9.0	15.0	22.0	45.0
3	6	1	55	28.0	22.0	52.0	43.0	28.0
3	6	1	61	1.0	0	1.0	0	0
3	6	1	66	30.0	27.0	20.0	30.0	114.0
3	6	1	7	16.0	18.0	13.0	15.0	6.0
3	6	1	9	10.0	8.0	8.0	12.0	7.0
3	6	3	-	540.0	521.0	817.0	680.0	662.0
3	6	3	-	2.0	0	0	0	2.0
3	6	3	1	8.0	9.0	111.0	5.0	1.0
3	6	3	12	16.0	60.0	38.0	83.0	174.0
3	6	3	14	481.0	666.0	1909.0	842.0	748.0
3	6	3	-	14.0	11.0	32.0	14.0	51.0
3	6	3	-	34.0	30.0	55.0	30.0	80.0
3	6	3	17	184.0	167.0	180.0	221.0	341.0
3	6	3	2	44.0	39.0	84.0	74.0	119.0
3	6	3	20	5.0	1.0	14.0	2.0	2.0
3	6	3	21	38.0	28.0	30.0	34.0	36.0
3	6	3	25	16.0	17.0	35.0	12.0	23.0
3	6	3	27	105.0	61.0	190.0	105.0	119.0
3	6	3	28	8.0	3.0	2.0	2.0	0
3	6	3	29	4.0	7.0	9.0	6.0	11.0
3	6	3	30	29.0	17.0	22.0	19.0	13.0
3	6	3	31	34.0	53.0	90.0	35.0	8.0
3	6	3	32	1.0	4.0	5.0	3.0	0
3	6	3	34	9.0	8.0	17.0	22.0	16.0
3	6	3	36	2.0	0	0	0	4.0
3	6	3	38	3.0	0	1.0	2.0	0
3	6	3	-	15.0	16.0	33.0	23.0	54.0
3	6	3	4	45.0	63.0	45.0	67.0	117.0
3	6	3	40	4.0	0	1.0	7.0	0
3	6	3	41	6.0	5.0	8.0	15.0	13.0
3	6	3	54	121.0	171.0	197.0	171.0	325.0
3	6	3	55	5.0	3.0	0	0	8.0
3	6	3	6	6.0	0	101.0	3.0	16.0
3	6	3	7	2.0	5.0	10.0	4.0	0
3	6	3	8	68.0	58.0	236.0	74.0	273.0
3	6	3	9	1.0	5.0	28.0	11.0	3.0
3	6	4	-	135.0	188.0	293.0	212.0	173.0
-	-	-	-	2.0	4.0	10.0	1.0	0
3	6	4	12	516.0	607.0	861.0	806.0	1293.0
3	6	4	-	1.0	0	0	0	0
3	6	4	13	340.0	336.0	1172.0	532.0	676.0
3	6	4	6	4.0	2.0	9.0	10.0	2.0
3	6	5	-	45.0	48.0	153.0	84.0	84.0
3	6	5	4	168.0	167.0	248.0	261.0	158.0
3	6	5	5	11.0	10.0	53.0	3.0	16.0
3	7	1	-	1.0	2.0	0	2.0	0
3	7	1	18	8.0	1.0	7.0	1.0	0
3	7	1	2	12.0	9.0	48.0	21.0	14.0
3	7	1	20	4.0	21.0	38.0	8.0	1.0
3	7	1	21	2.0	17.0	13.0	17.0	6.0
3	7	1	22	15.0	10.0	25.0	4.0	5.0
3	7	1	3	27.0	18.0	10.0	29.0	5.0
3	7	1	9	1.0	1.0	1.0	0	1.0
3	8	1	2	18.0	13.0	28.0	19.0	0
3	8	1	3	14.0	5.0	19.0	15.0	0
3	8	1	5	4.0	4.0	12.0	3.0	9.0
4	1	-	-	1.0	4.0	10.0	12.0	6.0
4	1	1	1	1.0	0	1.0	0	2.0
4	1	1	101	1.0	0	0	0	0
4	1	1	103	5.0	1.0	10.0	0	1.0
4	1	1	104	1.0	0	0	2.0	0
4	1	1	11	14.0	10.0	29.0	19.0	38.0
4	1	1	15	5.0	9.0	4.0	15.0	5.0
4	1	1	17	37.0	14.0	119.0	32.0	10.0
4	1	1	19	124.0	113.0	191.0	211.0	193.0
4	1	1	2	3.0	0	5.0	0	0
4	1	1	20	42.0	40.0	85.0	72.0	136.0
4	1	1	21	3.0	0	0	0	0
-	-	-	-	1.0	0	7.0	3.0	0
4	1	1	23	16.0	34.0	46.0	33.0	81.0
4	1	1	-	3.0	4.0	15.0	14.0	18.0
4	1	1	3	30.0	11.0	68.0	15.0	115.0
4	1	1	31	24.0	25.0	56.0	18.0	21.0
4	1	1	32	138.0	192.0	224.0	133.0	440.0
4	1	1	35	36.0	36.0	91.0	60.0	78.0
4	1	1	36	1.0	0	3.0	6.0	0
-	-	-	-	50.0	57.0	58.0	97.0	162.0
4	1	1	37	49.0	100.0	131.0	137.0	248.0
4	1	1	38	1.0	4.0	1.0	3.0	0
4	1	1	39	84.0	85.0	57.0	18.0	25.0
4	1	1	4	8.0	3.0	18.0	9.0	0
4	1	1	44	57.0	40.0	56.0	52.0	6.0
4	1	1	45	54.0	41.0	111.0	50.0	8.0
4	1	1	46	3.0	3.0	11.0	2.0	3.0
4	1	1	47	1.0	1.0	15.0	7.0	6.0
4	1	1	48	16.0	25.0	11.0	19.0	15.0
4	1	1	49	61.0	109.0	121.0	132.0	224.0
4	1	1	5	1.0	1.0	0	1.0	4.0
4	1	1	50	28.0	43.0	69.0	31.0	92.0
4	1	1	52	14.0	17.0	34.0	3.0	2.0
4	1	1	55	45.0	26.0	63.0	27.0	4.0
4	1	1	65	40.0	46.0	59.0	40.0	54.0
-	-	-	-	1.0	1.0	4.0	2.0	2.0
4	1	1	7	19.0	17.0	21.0	18.0	2.0
4	1	1	70	6.0	2.0	22.0	10.0	6.0
4	1	1	71	3.0	6.0	5.0	5.0	2.0
4	1	1	74	1.0	1.0	4.0	0	0
4	1	1	79	2.0	4.0	7.0	4.0	0
4	1	1	8	34.0	24.0	55.0	29.0	3.0
4	1	1	81	2.0	1.0	4.0	1.0	10.0
4	1	1	82	1.0	0	3.0	0	9.0
4	1	1	86	1.0	2.0	2.0	2.0	7.0
4	1	1	96	5.0	0	8.0	1.0	32.0
4	1	1	97	2.0	3.0	6.0	1.0	0
4	1	1	98	142.0	46.0	188.0	84.0	61.0
4	1	2	13	152.0	192.0	321.0	345.0	640.0
-	-	-	-	8.0	10.0	8.0	8.0	2.0
4	1	-	-	11.0	10.0	26.0	24.0	36.0
4	1	2	17	43.0	39.0	53.0	56.0	48.0
4	1	2	19	2.0	2.0	0	1.0	5.0
4	1	2	20	5.0	4.0	6.0	8.0	4.0
-	-	-	-	17.0	6.0	24.0	14.0	39.0
4	1	2	27	9.0	5.0	20.0	7.0	0
4	1	2	4	26.0	54.0	61.0	92.0	93.0
4	1	2	40	12.0	14.0	34.0	24.0	12.0
4	1	2	43	7.0	5.0	8.0	3.0	2.0
4	1	2	44	11.0	31.0	19.0	29.0	2.0
4	1	2	48	39.0	34.0	41.0	51.0	42.0
4	1	2	52	40.0	43.0	53.0	42.0	41.0
4	1	2	53	3.0	1.0	1.0	0	2.0
4	1	2	-	106.0	108.0	106.0	111.0	105.0
4	1	3	-	23.0	25.0	33.0	43.0	66.0
4	1	3	1	74.0	126.0	75.0	54.0	115.0
4	1	3	16	8.0	5.0	8.0	8.0	26.0
4	1	3	17	5.0	1.0	2.0	6.0	0
4	1	3	-	4.0	11.0	10.0	4.0	0
4	1	3	27	63.0	52.0	106.0	100.0	107.0
4	1	3	3	1.0	0	3.0	1.0	4.0
4	1	3	30	7.0	9.0	21.0	12.0	0
4	1	3	32	8.0	19.0	17.0	5.0	0
4	1	3	34	37.0	27.0	46.0	36.0	83.0
4	1	3	36	22.0	22.0	28.0	28.0	29.0
4	1	3	39	14.0	18.0	31.0	25.0	65.0
4	1	3	4	34.0	17.0	43.0	31.0	26.0
4	1	3	-	1.0	0	0	3.0	0
4	1	99	1	9.0	21.0	17.0	72.0	76.0
4	1	99	12	6.0	0	3.0	0	0
-	-	-	-	119.0	167.0	180.0	163.0	104.0
4	1	99	14	1.0	0	1.0	0	2.0
4	1	99	17	196.0	121.0	238.0	226.0	66.0
4	1	99	19	1.0	6.0	12.0	20.0	120.0
4	1	99	2	6.0	12.0	3.0	7.0	11.0
4	1	99	22	86.0	71.0	88.0	92.0	61.0
4	1	99	3	5.0	4.0	7.0	3.0	30.0
4	2	1	-	2.0	0	8.0	0	0
4	2	1	1	30.0	23.0	68.0	53.0	34.0
4	2	1	10	27.0	41.0	29.0	26.0	61.0
4	2	1	100	4.0	11.0	1.0	11.0	1.0
4	-	-	-	21.0	3.0	9.0	5.0	0
4	2	1	104	12.0	1.0	12.0	3.0	2.0
4	2	1	108	3.0	0	0	0	1.0
4	2	1	109	1.0	7.0	2.0	8.0	0
-	-	-	-	2.0	6.0	14.0	12.0	7.0
4	2	1	11	152.0	190.0	235.0	336.0	528.0
4	2	1	113	12.0	18.0	12.0	26.0	4.0
4	2	1	114	7.0	2.0	2.0	2.0	0
4	2	1	115	6.0	3.0	5.0	3.0	0
4	2	1	116	6.0	0	1.0	1.0	0
4	2	1	117	1.0	4.0	0	3.0	5.0
4	2	1	12	4.0	3.0	9.0	2.0	3.0
-	-	-	-	27.0	9.0	39.0	8.0	78.0
4	2	1	126	19.0	17.0	25.0	28.0	25.0
4	2	1	136	2.0	0	0	1.0	0
4	2	1	140	1.0	0	0	0	0
4	2	1	141	6.0	3.0	3.0	2.0	3.0
4	2	1	147	80.0	26.0	70.0	48.0	0
4	2	1	149	10.0	6.0	8.0	5.0	0
4	2	1	151	16.0	8.0	10.0	13.0	14.0
4	2	1	153	4.0	1.0	6.0	2.0	0
4	2	1	-	8.0	9.0	7.0	1.0	1.0
4	2	1	17	94.0	90.0	102.0	125.0	45.0
4	2	1	171	2.0	0	1.0	1.0	0
-	-	-	-	11.0	4.0	15.0	6.0	6.0
4	2	1	18	15.0	13.0	29.0	12.0	3.0
4	2	1	19	25.0	38.0	44.0	31.0	39.0
-	-	-	-	1.0	7.0	4.0	12.0	41.0
4	2	1	2	127.0	125.0	216.0	184.0	272.0
4	2	1	20	196.0	146.0	294.0	221.0	302.0
4	2	1	22	58.0	54.0	114.0	102.0	2.0
4	2	1	24	63.0	52.0	88.0	92.0	50.0
4	2	1	25	9.0	11.0	15.0	2.0	0
4	2	1	28	4.0	2.0	3.0	0	6.0
4	2	1	3	263.0	286.0	459.0	324.0	219.0
4	2	1	30	1.0	1.0	10.0	1.0	6.0
4	2	1	32	7.0	10.0	20.0	10.0	1.0
4	2	1	33	1.0	0	0	0	2.0
4	2	1	-	188.0	170.0	251.0	240.0	230.0
4	2	1	36	4.0	1.0	0	3.0	0
4	2	1	-	1.0	17.0	17.0	5.0	54.0
4	2	1	40	6.0	15.0	12.0	14.0	3.0
4	2	1	41	1.0	1.0	0	4.0	0
4	2	1	42	2.0	4.0	3.0	1.0	0
4	2	1	43	4.0	4.0	3.0	2.0	0
4	2	1	44	23.0	21.0	22.0	21.0	1.0
4	2	1	45	20.0	15.0	32.0	31.0	81.0
4	2	1	46	141.0	125.0	231.0	152.0	225.0
4	2	1	47	147.0	127.0	223.0	178.0	202.0
4	2	1	49	47.0	23.0	57.0	65.0	65.0
4	2	1	5	1.0	1.0	1.0	0	0
4	2	1	51	9.0	15.0	25.0	19.0	34.0
4	2	1	-	4.0	2.0	0	0	0
4	2	1	53	1.0	4.0	8.0	8.0	2.0
4	2	1	55	2.0	3.0	2.0	4.0	1.0
4	2	1	59	14.0	30.0	55.0	40.0	49.0
-	-	-	-	10.0	3.0	2.0	7.0	2.0
4	2	1	6	34.0	61.0	42.0	66.0	37.0
4	2	1	68	8.0	14.0	11.0	8.0	1.0
4	2	1	7	28.0	31.0	77.0	57.0	29.0
4	2	1	70	7.0	1.0	12.0	9.0	7.0
4	2	1	75	17.0	23.0	13.0	39.0	103.0
4	2	1	79	35.0	21.0	46.0	35.0	3.0
4	2	1	8	37.0	61.0	97.0	88.0	111.0
4	2	1	80	1.0	0	3.0	3.0	1.0
4	2	1	-	1.0	3.0	0	0	2.0
4	2	1	81	6.0	2.0	8.0	1.0	3.0
4	2	1	82	14.0	14.0	21.0	17.0	2.0
4	2	1	83	29.0	14.0	39.0	12.0	0
4	2	1	84	22.0	21.0	56.0	27.0	0
4	2	1	9	97.0	91.0	140.0	143.0	133.0
4	2	1	90	4.0	2.0	8.0	8.0	0
4	2	1	93	1.0	1.0	2.0	0	0
4	2	1	94	1.0	0	70.0	0	0
4	2	1	96	69.0	60.0	102.0	93.0	26.0
4	2	2	-	114.0	121.0	179.0	186.0	259.0
4	2	2	2	1.0	8.0	11.0	3.0	17.0
4	2	2	23	5.0	12.0	8.0	14.0	83.0
4	2	2	3	1.0	0	0	0	12.0
4	2	2	6	12.0	7.0	6.0	32.0	50.0
4	2	3	1	86.0	68.0	106.0	157.0	101.0
4	-	-	-	65.0	46.0	47.0	92.0	37.0
4	2	3	3	14.0	3.0	8.0	13.0	39.0
4	2	3	4	22.0	29.0	29.0	34.0	37.0
4	2	3	5	75.0	70.0	103.0	86.0	89.0
4	2	99	-	153.0	78.0	146.0	135.0	2.0
4	2	99	18	21.0	29.0	35.0	55.0	52.0
4	2	99	20	1.0	2.0	2.0	0	0
4	2	99	21	1.0	4.0	0	0	4.0
4	3	1	1	19.0	13.0	39.0	25.0	52.0
4	3	1	12	7.0	6.0	6.0	10.0	2.0
4	3	1	14	3.0	2.0	3.0	0	8.0
4	3	1	16	8.0	3.0	4.0	4.0	2.0
4	3	1	17	5.0	26.0	22.0	12.0	0
4	3	1	19	44.0	37.0	67.0	64.0	46.0
4	3	1	2	2.0	2.0	0	3.0	0
4	3	1	3	18.0	29.0	26.0	39.0	82.0
4	3	1	7	7.0	7.0	9.0	5.0	6.0
4	3	2	1	50.0	75.0	89.0	96.0	119.0
4	3	2	2	77.0	86.0	118.0	105.0	204.0
4	3	2	3	6.0	4.0	21.0	3.0	0
4	3	2	5	6.0	2.0	10.0	8.0	0
4	3	3	6	115.0	100.0	126.0	120.0	92.0
4	3	3	7	130.0	121.0	167.0	157.0	198.0
4	3	99	3	28.0	28.0	11.0	42.0	34.0
4	3	99	4	5.0	2.0	1.0	1.0	1.0
4	4	1	1	28.0	29.0	50.0	38.0	22.0
4	4	1	11	5.0	10.0	11.0	22.0	48.0
4	4	1	15	2.0	5.0	4.0	6.0	1.0
4	4	1	19	13.0	16.0	10.0	22.0	35.0
4	4	1	-	3.0	3.0	3.0	1.0	0
4	4	1	22	17.0	11.0	33.0	22.0	0
4	4	1	23	6.0	9.0	7.0	2.0	0
4	4	1	24	25.0	14.0	52.0	33.0	6.0
4	4	1	5	45.0	18.0	73.0	42.0	54.0
4	4	1	8	19.0	32.0	44.0	42.0	66.0
4	6	1	-	5.0	9.0	4.0	2.0	3.0
4	6	1	1	106.0	119.0	127.0	157.0	48.0
4	6	1	12	9.0	19.0	15.0	25.0	57.0
4	6	1	13	2.0	0	4.0	0	0
4	6	1	17	34.0	29.0	50.0	37.0	11.0
4	99	1	12	21.0	16.0	17.0	46.0	19.0
4	99	1	-	28.0	40.0	30.0	26.0	20.0
4	99	1	4	2.0	0	1.0	0	0
5	-	-	-	1.0	0	7.0	6.0	9.0
5	1	1	1	27.0	36.0	27.0	63.0	108.0
5	1	1	13	2.0	11.0	8.0	9.0	16.0
5	1	1	17	2.0	4.0	5.0	6.0	1.0
5	1	1	20	11.0	11.0	17.0	41.0	62.0
5	1	1	3	23.0	24.0	29.0	24.0	30.0
5	1	1	4	7.0	1.0	11.0	7.0	9.0
5	1	1	7	22.0	26.0	28.0	42.0	68.0
5	1	1	8	3.0	2.0	2.0	2.0	2.0
5	1	2	2	2.0	1.0	1.0	1.0	0
5	1	2	7	6.0	11.0	17.0	24.0	119.0
5	1	3	1	53.0	38.0	64.0	50.0	110.0
5	1	3	10	20.0	16.0	22.0	45.0	34.0
5	1	3	11	5.0	1.0	8.0	24.0	46.0
5	1	3	13	45.0	35.0	44.0	72.0	82.0
5	1	3	14	55.0	58.0	106.0	64.0	145.0
5	1	3	15	5.0	5.0	6.0	12.0	21.0
5	1	3	2	182.0	172.0	275.0	292.0	261.0
5	1	3	20	15.0	7.0	24.0	35.0	27.0
5	1	3	22	16.0	9.0	15.0	20.0	23.0
5	1	3	23	7.0	9.0	12.0	7.0	10.0
5	1	3	25	11.0	7.0	37.0	16.0	19.0
5	1	3	26	3.0	2.0	1.0	15.0	39.0
5	1	3	29	1.0	6.0	7.0	4.0	19.0
5	1	3	3	51.0	67.0	110.0	87.0	153.0
5	1	3	-	5.0	10.0	10.0	13.0	11.0
5	1	3	32	8.0	6.0	17.0	16.0	72.0
5	1	3	33	2.0	6.0	4.0	2.0	0
5	1	3	37	1.0	2.0	6.0	0	0
5	1	3	4	13.0	8.0	11.0	16.0	66.0
5	1	3	5	7.0	3.0	3.0	3.0	2.0
5	1	3	6	16.0	17.0	28.0	19.0	18.0
5	1	3	7	6.0	19.0	25.0	16.0	14.0
5	1	3	8	4.0	1.0	1.0	3.0	14.0
5	1	3	9	1.0	0	0	1.0	3.0
5	1	99	1	72.0	53.0	67.0	55.0	24.0
5	1	99	3	2.0	6.0	3.0	1.0	0
5	1	99	4	1.0	8.0	15.0	10.0	1.0
5	1	99	6	17.0	19.0	27.0	41.0	63.0
5	2	1	1	8.0	3.0	10.0	7.0	3.0
5	2	1	13	1.0	2.0	0	0	1.0
5	2	1	4	1.0	3.0	8.0	0	0
5	2	1	8	609.0	559.0	1206.0	957.0	1093.0
5	3	1	1	44.0	67.0	114.0	153.0	212.0
5	3	1	12	9.0	12.0	29.0	27.0	72.0
5	3	1	13	14.0	41.0	47.0	59.0	35.0
5	3	1	14	1.0	9.0	7.0	36.0	103.0
5	3	1	-	14.0	15.0	30.0	22.0	18.0
5	3	1	15	3.0	5.0	1.0	3.0	33.0
5	3	1	16	17.0	15.0	46.0	26.0	21.0
5	3	1	22	61.0	49.0	67.0	91.0	112.0
5	3	1	23	19.0	33.0	26.0	59.0	56.0
5	3	1	24	10.0	17.0	41.0	21.0	17.0
5	3	1	-	4.0	8.0	10.0	24.0	116.0
5	3	1	27	1.0	4.0	15.0	0	1.0
5	3	1	28	40.0	36.0	47.0	66.0	94.0
5	3	1	30	7.0	5.0	14.0	8.0	3.0
5	3	1	4	13.0	21.0	44.0	52.0	231.0
5	3	1	5	39.0	49.0	67.0	71.0	241.0
5	3	1	6	65.0	72.0	86.0	100.0	121.0
5	3	1	8	6.0	4.0	27.0	36.0	52.0
5	3	1	9	49.0	49.0	122.0	107.0	156.0
5	3	1	-	7.0	5.0	9.0	9.0	9.0
5	3	2	5	2.0	2.0	0	2.0	0
5	3	2	6	18.0	16.0	11.0	10.0	18.0
5	3	3	1	1.0	2.0	2.0	2.0	0
5	3	3	17	8.0	11.0	7.0	8.0	2.0
5	3	3	18	29.0	48.0	38.0	31.0	6.0
5	3	3	2	7.0	6.0	21.0	9.0	25.0
5	3	3	6	2.0	0	0	0	2.0
5	3	3	7	35.0	10.0	19.0	12.0	0
5	3	4	1	43.0	26.0	195.0	32.0	67.0
5	3	99	11	1.0	0	0	2.0	0
-	-	-	-	8.0	2.0	15.0	7.0	0
5	4	1	4	1.0	0	0	0	1.0
5	4	2	10	38.0	50.0	68.0	70.0	41.0
5	4	2	11	9.0	17.0	35.0	43.0	76.0
5	4	2	12	57.0	60.0	126.0	117.0	223.0
5	4	2	2	26.0	28.0	81.0	48.0	152.0
5	4	2	3	1.0	0	1.0	1.0	0
5	4	2	6	1.0	5.0	1.0	17.0	14.0
5	4	2	7	14.0	16.0	29.0	28.0	12.0
5	4	2	8	39.0	55.0	63.0	82.0	90.0
5	4	2	-	25.0	17.0	34.0	44.0	6.0
5	4	2	9	2.0	0	5.0	2.0	18.0
5	4	3	-	2.0	0	0	0	0
5	4	3	2	57.0	73.0	96.0	96.0	109.0
5	4	3	3	2.0	1.0	1.0	2.0	9.0
5	4	3	8	76.0	116.0	153.0	140.0	95.0
5	4	4	2	1.0	2.0	1.0	7.0	34.0
5	4	4	3	2.0	2.0	4.0	0	0
5	4	99	-	1.0	5.0	95.0	13.0	12.0
5	4	99	1	2.0	0	3.0	2.0	3.0
5	4	99	12	42.0	47.0	60.0	60.0	129.0
5	4	99	13	31.0	57.0	50.0	58.0	39.0
5	4	99	15	4.0	5.0	11.0	24.0	10.0
-	-	-	-	42.0	25.0	35.0	26.0	14.0
-	-	-	-	59.0	33.0	55.0	71.0	25.0
5	4	99	18	17.0	17.0	25.0	27.0	42.0
5	4	99	2	160.0	183.0	230.0	323.0	233.0
5	4	99	20	2.0	6.0	12.0	1.0	8.0
5	4	99	22	32.0	45.0	50.0	51.0	148.0
5	4	99	23	26.0	34.0	56.0	92.0	144.0
5	4	99	24	4.0	7.0	7.0	7.0	12.0
5	4	99	25	22.0	22.0	58.0	52.0	186.0
5	4	99	27	1.0	1.0	6.0	6.0	0
5	4	99	-	2.0	1.0	3.0	3.0	12.0
5	4	99	5	12.0	8.0	26.0	21.0	53.0
-	-	-	-	1.0	0	0	1.0	0
-	-	-	-	14.0	18.0	25.0	22.0	15.0
5	4	99	-	1.0	0	0	0	1.0
5	4	99	62	3.0	1.0	5.0	3.0	14.0
5	4	99	63	6.0	14.0	5.0	15.0	0
5	4	99	64	7.0	1.0	15.0	4.0	4.0
5	4	99	9	9.0	12.0	0	13.0	3.0
5	5	1	1	6.0	7.0	2.0	5.0	0
5	5	1	2	8.0	4.0	9.0	5.0	7.0
5	5	1	27	13.0	2.0	8.0	10.0	4.0
5	5	1	4	131.0	168.0	213.0	200.0	103.0
5	99	1	-	68.0	62.0	118.0	99.0	194.0
5	99	1	2	386.0	339.0	602.0	566.0	464.0
5	99	1	3	572.0	778.0	967.0	1155.0	1130.0
6	1	1	-	1.0	5.0	6.0	2.0	26.0
6	1	1	1	87.0	70.0	115.0	101.0	158.0
6	1	1	10	103.0	105.0	192.0	164.0	271.0
6	1	1	11	84.0	93.0	173.0	119.0	189.0
6	1	1	12	108.0	112.0	143.0	177.0	196.0
6	1	1	14	141.0	136.0	272.0	233.0	309.0
6	1	1	15	140.0	104.0	180.0	194.0	246.0
6	1	1	16	74.0	87.0	134.0	134.0	154.0
6	1	1	17	67.0	71.0	133.0	125.0	150.0
6	1	1	18	77.0	85.0	131.0	118.0	226.0
6	1	1	19	48.0	81.0	146.0	133.0	165.0
6	1	1	2	96.0	92.0	155.0	102.0	188.0
6	1	1	20	120.0	134.0	236.0	182.0	344.0
6	1	1	21	40.0	82.0	77.0	78.0	104.0
6	1	1	22	55.0	57.0	118.0	112.0	143.0
6	1	1	24	7.0	7.0	15.0	4.0	25.0
6	1	1	3	274.0	291.0	496.0	353.0	492.0
6	1	1	4	116.0	122.0	234.0	196.0	365.0
6	1	1	5	138.0	144.0	221.0	245.0	293.0
6	1	1	6	59.0	80.0	145.0	139.0	239.0
6	1	1	7	157.0	136.0	221.0	199.0	160.0
6	1	1	9	138.0	123.0	224.0	150.0	210.0
6	1	3	1	4.0	2.0	0	1.0	0
6	2	1	-	138.0	124.0	178.0	152.0	95.0
6	2	1	1	368.0	327.0	543.0	429.0	276.0
6	2	1	13	20.0	18.0	11.0	19.0	62.0
6	2	1	16	19.0	14.0	13.0	24.0	8.0
6	2	1	17	20.0	35.0	47.0	26.0	26.0
6	2	1	18	9.0	3.0	4.0	1.0	0
6	2	1	2	2.0	0	0	4.0	0
6	2	1	25	8.0	11.0	22.0	8.0	2.0
6	2	1	26	3.0	3.0	4.0	2.0	1.0
6	2	1	-	4.0	2.0	1.0	2.0	0
6	2	1	3	183.0	272.0	393.0	450.0	521.0
6	2	1	30	39.0	156.0	48.0	59.0	161.0
6	2	1	31	2.0	1.0	1.0	2.0	0
6	2	1	32	19.0	14.0	14.0	8.0	14.0
6	2	1	34	3.0	0	1.0	5.0	9.0
6	2	1	41	3.0	2.0	3.0	4.0	0
6	2	1	42	4.0	14.0	7.0	5.0	0
6	2	1	44	22.0	22.0	29.0	15.0	13.0
6	2	1	45	20.0	20.0	178.0	17.0	14.0
6	2	1	48	16.0	5.0	18.0	19.0	7.0
6	2	1	-	6.0	6.0	19.0	4.0	10.0
6	2	1	5	182.0	202.0	450.0	397.0	231.0
6	2	1	7	1.0	2.0	5.0	2.0	6.0
6	2	1	8	4.0	1.0	5.0	0	0
6	2	1	9	13.0	8.0	8.0	7.0	3.0
6	3	1	1	5.0	12.0	4.0	31.0	30.0
6	3	1	13	1.0	1.0	4.0	0	11.0
6	3	1	14	4.0	0	2.0	0	2.0
6	3	1	19	23.0	20.0	23.0	32.0	0
6	3	1	2	1027.0	433.0	998.0	838.0	522.0
6	3	1	20	9.0	2.0	12.0	1.0	27.0
6	3	1	5	17.0	13.0	26.0	21.0	35.0
6	3	2	-	1.0	4.0	4.0	14.0	20.0
6	3	2	1	28.0	21.0	49.0	48.0	64.0
6	3	2	10	25.0	48.0	50.0	79.0	67.0
6	3	2	-	20.0	21.0	21.0	27.0	35.0
6	3	2	13	31.0	40.0	74.0	62.0	126.0
6	3	2	-	1.0	1.0	0	1.0	0
-	-	-	-	4.0	3.0	1.0	8.0	0
6	3	2	17	3.0	0	2.0	1.0	0
6	3	2	2	14.0	30.0	35.0	27.0	88.0
6	3	2	26	2.0	0	0	0	0
6	3	2	-	21.0	43.0	51.0	26.0	62.0
6	3	-	-	32.0	33.0	33.0	55.0	1.0
6	3	2	3	9.0	6.0	9.0	9.0	21.0
6	3	2	-	8.0	4.0	10.0	4.0	11.0
6	3	2	4	84.0	71.0	132.0	142.0	186.0
6	3	2	43	3.0	2.0	6.0	2.0	4.0
6	3	2	45	23.0	17.0	16.0	20.0	25.0
6	3	2	6	85.0	87.0	144.0	137.0	115.0
6	3	2	8	43.0	48.0	63.0	65.0	110.0
6	3	2	9	27.0	50.0	74.0	97.0	90.0
6	3	3	1	52.0	34.0	89.0	79.0	79.0
6	3	3	2	4.0	4.0	3.0	6.0	11.0
6	3	3	3	7.0	4.0	7.0	10.0	6.0
6	3	4	12	6.0	5.0	2.0	5.0	0
6	3	4	13	38.0	44.0	37.0	57.0	89.0
6	3	-	-	4.0	1.0	1.0	0	1.0
6	3	4	15	10.0	3.0	34.0	21.0	27.0
6	3	4	18	2.0	7.0	15.0	18.0	1.0
6	3	4	19	30.0	31.0	35.0	53.0	28.0
-	-	-	-	1.0	0	1.0	0	0
6	3	4	2	247.0	224.0	364.0	299.0	334.0
6	3	4	20	13.0	21.0	22.0	34.0	26.0
6	3	4	21	31.0	36.0	42.0	15.0	40.0
6	3	4	23	2.0	0	2.0	3.0	9.0
6	3	4	24	3.0	1.0	0	0	0
6	3	4	3	45.0	53.0	79.0	63.0	83.0
6	3	4	4	100.0	104.0	167.0	196.0	285.0
6	3	4	5	49.0	61.0	137.0	71.0	172.0
6	3	4	6	4.0	0	2.0	4.0	5.0
6	3	5	1	29.0	38.0	88.0	61.0	127.0
6	3	5	10	1.0	4.0	2.0	1.0	3.0
6	3	5	2	123.0	110.0	159.0	155.0	138.0
6	3	5	3	142.0	138.0	204.0	251.0	276.0
6	3	5	4	257.0	209.0	321.0	323.0	304.0
6	3	5	5	213.0	196.0	394.0	275.0	279.0
-	-	-	-	7.0	0	8.0	7.0	4.0
-	-	-	-	1.0	1.0	0	2.0	0
6	3	5	-	175.0	173.0	280.0	270.0	185.0
6	3	5	7	2.0	4.0	6.0	13.0	42.0
6	3	5	-	2.0	2.0	0	23.0	14.0
6	4	1	1	30.0	26.0	61.0	49.0	142.0
-	-	-	-	101.0	132.0	158.0	142.0	99.0
6	-	-	-	84.0	91.0	171.0	108.0	84.0
-	-	-	-	1.0	1.0	48.0	0	0
6	4	1	-	2.0	0	1.0	0	0
-	-	-	-	9.0	0	6.0	0	5.0
6	-	-	-	7.0	10.0	20.0	10.0	0
6	4	1	3	2.0	9.0	22.0	14.0	30.0
-	-	-	-	40.0	34.0	89.0	81.0	114.0
6	4	1	4	43.0	48.0	86.0	41.0	38.0
6	4	1	6	3.0	341.0	26.0	8.0	181.0
6	4	1	8	1.0	1.0	3.0	0	4.0
6	5	1	1	70.0	80.0	79.0	60.0	11.0
6	5	1	-	20.0	8.0	49.0	24.0	13.0
6	5	1	2	58.0	55.0	95.0	72.0	117.0
6	5	1	4	1.0	0	5.0	1.0	1.0
6	5	1	8	21.0	32.0	45.0	80.0	29.0
6	6	1	1	132.0	138.0	157.0	169.0	42.0
6	6	1	2	27.0	15.0	45.0	17.0	0
1	1	1	135	0	5.0	0	0	2.0
1	1	1	140	0	3.0	1.0	5.0	13.0
1	1	1	163	0	3.0	0	0	0
1	1	1	17	0	1.0	2.0	5.0	7.0
1	1	1	170	0	1.0	0	0	0
1	1	1	21	0	1.0	0	2.0	0
1	1	1	252	0	1.0	34.0	0	0
1	1	1	264	0	1.0	3.0	2.0	0
1	1	1	276	0	1.0	0	0	1.0
1	1	1	29	0	3.0	7.0	6.0	20.0
1	1	1	292	0	1.0	0	0	0
1	1	1	307	0	1.0	8.0	2.0	11.0
1	1	1	320	0	1.0	1.0	0	0
1	1	1	333	0	2.0	0	0	0
1	1	1	337	0	4.0	0	0	1.0
1	1	1	339	0	1.0	1.0	1.0	0
1	1	1	350	0	1.0	1.0	0	0
-	-	-	-	0	2.0	9.0	2.0	0
1	1	1	367	0	6.0	4.0	16.0	46.0
1	1	1	372	0	1.0	2.0	0	0
1	1	1	-	0	3.0	0	1.0	0
1	1	1	380	0	1.0	0	1.0	0
1	1	1	404	0	2.0	1.0	0	0
1	1	1	-	0	3.0	2.0	6.0	1.0
1	1	1	6	0	1.0	0	6.0	10.0
1	1	1	90	0	1.0	0	1.0	0
1	1	3	13	0	2.0	9.0	0	0
1	1	3	41	0	1.0	5.0	5.0	0
1	1	5	11	0	1.0	0	1.0	0
1	1	5	4	0	3.0	1.0	3.0	19.0
1	1	5	5	0	3.0	0	3.0	0
1	1	99	2	0	2.0	1.0	5.0	0
1	11	1	-	0	2.0	0	1.0	2.0
1	12	7	2	0	2.0	0	0	2.0
1	-	-	-	0	3.0	2.0	17.0	49.0
1	-	-	-	0	3.0	3.0	1.0	21.0
1	13	11	1	0	2.0	2.0	5.0	1.0
1	13	11	20	0	1.0	5.0	4.0	0
1	13	11	25	0	1.0	1.0	0	0
1	13	11	33	0	3.0	13.0	4.0	0
1	13	11	50	0	1.0	0	0	0
1	13	11	79	0	3.0	1.0	0	0
1	14	11	27	0	2.0	2.0	0	0
1	14	11	47	0	4.0	8.0	5.0	7.0
1	14	13	1	0	8.0	9.0	2.0	7.0
1	14	13	114	0	1.0	0	1.0	0
1	14	13	160	0	2.0	2.0	1.0	0
1	14	13	218	0	4.0	5.0	2.0	0
1	14	13	221	0	2.0	3.0	0	0
1	14	13	226	0	4.0	0	3.0	0
1	14	13	239	0	3.0	0	1.0	0
1	14	13	25	0	2.0	3.0	2.0	0
1	14	13	9	0	4.0	1.0	4.0	0
1	14	14	-	0	1.0	1.0	0	0
1	14	14	17	0	1.0	5.0	1.0	0
1	14	14	28	0	2.0	2.0	0	0
1	14	15	23	0	2.0	0	0	0
1	14	18	9	0	1.0	6.0	0	0
1	14	19	18	0	2.0	2.0	0	0
1	14	19	-	0	4.0	15.0	2.0	0
1	14	19	-	0	2.0	2.0	1.0	0
1	14	99	15	0	1.0	3.0	0	0
1	15	1	2	0	9.0	5.0	9.0	343.0
1	17	1	11	0	3.0	0	1.0	1.0
1	17	2	2	0	1.0	0	0	0
1	18	1	7	0	1.0	3.0	0	0
1	2	-	-	0	5.0	1.0	2.0	0
1	2	1	-	0	3.0	1.0	0	4.0
1	2	1	-	0	3.0	1.0	0	0
1	2	1	-	0	4.0	2.0	0	0
1	2	1	60	0	4.0	3.0	4.0	0
1	2	1	76	0	3.0	2.0	3.0	8.0
1	2	1	77	0	4.0	0	4.0	0
1	2	1	80	0	1.0	0	0	0
1	2	1	87	0	3.0	1.0	11.0	12.0
1	2	1	95	0	1.0	1.0	0	0
1	2	3	15	0	2.0	3.0	1.0	0
1	2	99	7	0	5.0	4.0	4.0	16.0
1	21	4	3	0	2.0	0	0	0
1	3	-	-	0	6.0	2.0	11.0	8.0
1	3	1	104	0	1.0	9.0	4.0	0
1	3	1	21	0	3.0	9.0	2.0	1.0
1	3	1	31	0	2.0	2.0	1.0	4.0
1	3	1	38	0	2.0	4.0	2.0	0
1	3	1	62	0	1.0	0	0	0
1	3	1	70	0	1.0	1.0	0	0
1	3	1	-	0	1.0	0	0	0
1	3	1	93	0	1.0	5.0	0	5.0
1	3	1	-	0	7.0	2.0	3.0	0
1	3	3	5	0	7.0	0	0	0
1	3	8	10	0	1.0	0	0	0
1	3	8	8	0	1.0	1.0	0	0
1	3	98	3	0	2.0	0	0	0
1	3	99	-	0	3.0	6.0	8.0	27.0
1	4	1	11	0	1.0	1.0	6.0	6.0
1	4	3	3	0	2.0	0	0	0
1	5	1	-	0	2.0	1.0	2.0	2.0
1	5	1	3	0	10.0	7.0	19.0	40.0
1	5	1	36	0	1.0	0	0	0
1	5	1	39	0	3.0	0	3.0	1.0
1	5	1	51	0	3.0	1.0	0	0
1	5	99	5	0	4.0	4.0	0	0
1	6	2	4	0	1.0	21.0	0	0
1	7	1	-	0	2.0	3.0	2.0	0
1	8	1	5	0	4.0	1.0	0	0
1	8	7	2	0	1.0	0	1.0	0
1	8	7	3	0	2.0	0	0	3.0
1	8	98	1	0	2.0	0	0	0
1	97	1	-	0	1.0	0	0	0
2	1	1	-	0	1.0	1.0	4.0	0
2	1	1	132	0	2.0	0	0	1.0
2	1	1	165	0	1.0	0	0	0
2	1	1	174	0	1.0	0	0	0
2	1	1	204	0	2.0	3.0	0	0
2	1	1	214	0	1.0	4.0	1.0	2.0
2	1	1	-	0	2.0	4.0	0	5.0
2	1	1	223	0	2.0	2.0	5.0	16.0
2	1	1	249	0	1.0	9.0	3.0	7.0
2	1	1	265	0	1.0	4.0	0	0
2	1	1	298	0	7.0	2.0	1.0	0
2	1	1	305	0	1.0	0	0	0
2	1	1	314	0	1.0	4.0	2.0	0
2	1	1	320	0	3.0	3.0	0	0
2	1	1	33	0	6.0	13.0	15.0	17.0
2	1	1	331	0	1.0	0	0	0
-	-	-	-	0	1.0	2.0	6.0	1.0
2	1	3	11	0	3.0	0	15.0	17.0
2	2	1	9	0	10.0	8.0	4.0	11.0
2	3	1	176	0	1.0	3.0	0	0
2	3	1	18	0	1.0	1.0	0	5.0
2	3	1	187	0	1.0	4.0	0	0
2	3	1	19	0	5.0	0	0	4.0
2	3	1	209	0	1.0	1.0	6.0	6.0
2	3	1	22	0	1.0	3.0	0	0
2	3	1	246	0	1.0	0	0	0
2	3	1	263	0	2.0	2.0	1.0	5.0
2	3	1	28	0	2.0	1.0	6.0	5.0
2	3	1	50	0	5.0	14.0	4.0	0
2	3	1	57	0	4.0	2.0	3.0	18.0
2	3	1	59	0	1.0	0	0	0
2	3	1	89	0	1.0	0	0	0
2	3	2	24	0	1.0	1.0	0	0
2	4	1	131	0	1.0	4.0	3.0	0
2	4	1	141	0	1.0	1.0	1.0	0
2	4	1	142	0	3.0	2.0	4.0	3.0
2	4	1	19	0	1.0	0	0	0
2	4	1	198	0	1.0	8.0	0	0
2	4	1	20	0	22.0	5.0	40.0	204.0
2	4	1	211	0	1.0	0	0	0
2	4	1	230	0	4.0	6.0	2.0	2.0
2	4	1	-	0	1.0	3.0	0	0
-	-	-	-	0	4.0	6.0	0	16.0
2	4	1	279	0	1.0	0	1.0	0
2	4	1	280	0	1.0	0	0	12.0
2	4	1	289	0	1.0	1.0	0	1.0
2	4	1	333	0	1.0	0	4.0	1.0
2	4	1	4	0	1.0	0	0	0
2	4	1	46	0	1.0	0	1.0	1.0
2	4	1	8	0	6.0	3.0	43.0	43.0
2	4	2	48	0	2.0	1.0	1.0	4.0
2	4	2	52	0	2.0	5.0	0	0
2	5	1	131	0	1.0	0	0	2.0
2	5	1	140	0	1.0	1.0	5.0	0
2	5	1	42	0	1.0	0	0	5.0
2	5	1	-	0	1.0	1.0	0	0
2	5	1	-	0	1.0	0	0	0
2	5	1	97	0	2.0	1.0	11.0	9.0
2	6	1	-	0	1.0	0	0	0
2	6	1	106	0	1.0	5.0	1.0	0
2	6	1	112	0	3.0	0	2.0	0
2	6	1	87	0	2.0	2.0	0	2.0
2	7	1	1	0	5.0	13.0	5.0	69.0
2	7	1	100	0	1.0	5.0	0	1.0
2	7	1	101	0	1.0	0	2.0	0
2	7	1	150	0	1.0	12.0	0	0
2	7	1	197	0	1.0	0	1.0	0
2	7	1	31	0	2.0	0	0	0
2	7	1	35	0	2.0	0	0	0
2	7	1	36	0	6.0	3.0	1.0	4.0
2	7	1	47	0	1.0	0	0	0
2	7	1	53	0	2.0	1.0	3.0	5.0
2	7	1	58	0	1.0	0	1.0	0
2	7	1	60	0	1.0	0	0	0
2	7	1	73	0	2.0	0	0	6.0
2	7	1	92	0	4.0	3.0	4.0	2.0
2	7	11	2	0	1.0	6.0	0	0
2	7	11	21	0	2.0	7.0	0	5.0
2	7	11	26	0	3.0	32.0	2.0	10.0
-	-	-	-	0	2.0	4.0	0	1.0
2	7	3	2	0	1.0	4.0	1.0	0
2	7	6	2	0	1.0	0	1.0	23.0
2	7	7	15	0	4.0	8.0	0	3.0
2	7	7	23	0	1.0	0	1.0	1.0
2	7	7	39	0	1.0	0	0	9.0
2	7	7	-	0	1.0	0	0	1.0
2	7	7	71	0	2.0	3.0	3.0	6.0
2	7	7	73	0	1.0	4.0	3.0	9.0
2	7	7	99	0	5.0	10.0	10.0	0
2	7	8	1	0	1.0	13.0	1.0	0
2	7	8	29	0	2.0	0	1.0	0
2	7	8	39	0	1.0	2.0	0	5.0
2	7	8	40	0	2.0	12.0	0	0
2	8	2	37	0	1.0	0	1.0	0
2	8	3	-	0	1.0	1.0	0	0
2	8	3	10	0	2.0	1.0	18.0	29.0
2	8	3	18	0	5.0	10.0	8.0	15.0
2	8	3	20	0	1.0	0	0	0
3	1	1	13	0	1.0	5.0	3.0	4.0
3	1	1	-	0	1.0	2.0	0	0
-	-	-	-	0	1.0	0	0	0
-	-	-	-	0	1.0	3.0	0	0
3	1	1	4	0	1.0	0	0	0
3	1	1	5	0	2.0	7.0	0	0
3	1	1	76	0	4.0	0	2.0	0
3	1	1	85	0	1.0	0	4.0	0
3	1	1	89	0	3.0	1.0	0	0
3	1	11	-	0	2.0	1.0	1.0	0
3	1	13	4	0	6.0	4.0	1.0	1.0
3	1	2	28	0	2.0	0	0	0
3	1	2	32	0	2.0	0	0	0
3	1	21	7	0	3.0	2.0	0	0
3	1	22	1	0	1.0	0	2.0	0
3	1	25	-	0	2.0	0	0	0
3	1	3	103	0	1.0	0	1.0	2.0
3	1	3	104	0	2.0	0	0	0
3	1	3	-	0	3.0	1.0	6.0	3.0
3	-	-	-	0	2.0	0	0	0
-	-	-	-	0	3.0	3.0	5.0	10.0
3	1	3	4	0	1.0	9.0	0	0
3	1	3	41	0	2.0	8.0	5.0	4.0
3	1	3	-	0	1.0	3.0	1.0	0
3	1	3	7	0	4.0	9.0	6.0	11.0
3	1	3	-	0	1.0	1.0	0	0
3	1	3	85	0	1.0	2.0	1.0	0
3	1	3	89	0	1.0	0	0	1.0
3	1	31	1	0	6.0	0	8.0	5.0
3	1	4	4	0	1.0	11.0	1.0	0
3	1	6	-	0	6.0	3.0	0	2.0
3	1	6	13	0	1.0	0	0	0
3	10	1	1	0	6.0	1.0	2.0	1.0
3	2	1	-	0	1.0	1.0	0	0
3	2	1	143	0	1.0	0	0	0
3	2	1	15	0	2.0	1.0	3.0	3.0
3	2	1	165	0	5.0	38.0	32.0	26.0
3	2	1	-	0	1.0	0	0	0
3	2	1	41	0	1.0	2.0	10.0	23.0
3	2	1	50	0	1.0	3.0	3.0	10.0
3	4	16	5	0	1.0	22.0	3.0	2.0
3	4	19	11	0	7.0	2.0	3.0	16.0
3	4	21	100	0	1.0	0	0	0
3	4	21	61	0	1.0	10.0	0	0
3	4	21	96	0	1.0	5.0	0	0
3	4	24	20	0	16.0	3.0	1.0	0
3	4	24	27	0	3.0	0	0	0
3	4	24	75	0	2.0	0	0	0
3	4	24	78	0	3.0	0	0	18.0
3	5	1	103	0	5.0	6.0	1.0	0
3	5	1	125	0	3.0	2.0	0	0
3	5	1	38	0	2.0	0	2.0	0
3	5	1	52	0	1.0	1.0	0	0
3	5	4	10	0	1.0	0	0	0
3	5	4	3	0	6.0	18.0	6.0	4.0
3	6	1	42	0	3.0	3.0	2.0	0
3	6	1	67	0	7.0	5.0	5.0	9.0
3	6	3	44	0	3.0	10.0	2.0	0
3	7	1	12	0	2.0	3.0	3.0	4.0
3	7	1	14	0	1.0	2.0	0	0
3	7	1	23	0	3.0	4.0	1.0	0
3	9	1	2	0	1.0	0	0	0
4	-	-	-	0	3.0	1.0	2.0	0
4	1	1	61	0	1.0	0	0	0
4	1	1	83	0	1.0	0	2.0	1.0
4	1	1	9	0	3.0	12.0	1.0	0
4	1	2	-	0	1.0	4.0	2.0	7.0
-	-	-	-	0	3.0	5.0	2.0	4.0
4	1	2	21	0	1.0	0	0	0
4	1	3	38	0	1.0	3.0	3.0	8.0
4	1	3	-	0	1.0	1.0	0	1.0
4	1	3	40	0	3.0	0	0	0
4	1	3	46	0	3.0	4.0	0	0
4	2	1	103	0	1.0	10.0	0	0
4	2	1	155	0	4.0	1.0	1.0	4.0
4	2	1	157	0	2.0	0	0	3.0
4	2	1	158	0	1.0	0	0	0
4	2	1	159	0	5.0	0	0	13.0
4	2	1	54	0	1.0	0	0	1.0
4	2	1	56	0	1.0	0	0	0
4	2	2	1	0	5.0	1.0	0	0
4	2	2	26	0	1.0	0	0	0
4	2	2	5	0	2.0	0	1.0	0
4	2	3	152	0	2.0	0	0	0
4	3	1	-	0	1.0	4.0	0	5.0
4	3	1	18	0	2.0	4.0	0	1.0
4	4	1	21	0	1.0	0	0	0
4	4	1	25	0	1.0	1.0	1.0	0
4	99	1	3	0	2.0	2.0	0	0
5	1	3	38	0	1.0	0	0	1.0
5	1	99	7	0	2.0	0	2.0	7.0
5	2	1	2	0	3.0	4.0	0	0
5	3	1	-	0	1.0	0	1.0	4.0
5	3	1	17	0	13.0	9.0	8.0	13.0
5	3	1	35	0	3.0	9.0	4.0	3.0
5	3	2	8	0	1.0	1.0	0	0
5	3	3	10	0	3.0	5.0	1.0	4.0
5	4	99	21	0	2.0	4.0	4.0	13.0
6	1	1	13	0	2.0	1.0	2.0	2.0
6	1	1	23	0	2.0	3.0	2.0	8.0
6	3	1	-	0	2.0	3.0	1.0	7.0
6	3	1	10	0	6.0	5.0	4.0	14.0
-	-	-	-	0	1.0	1.0	1.0	0
6	3	2	33	0	2.0	0	0	0
6	3	2	51	0	1.0	5.0	0	0
6	3	-	-	0	1.0	0	0	1.0
6	4	1	5	0	3.0	4.0	7.0	4.0
1	1	1	11	0	0	3.0	0	0
1	1	1	179	0	0	1.0	0	0
1	1	1	-	0	0	4.0	0	0
1	1	1	202	0	0	1.0	0	0
1	1	1	206	0	0	6.0	1.0	0
1	1	1	287	0	0	2.0	0	2.0
1	1	1	290	0	0	2.0	4.0	33.0
1	1	1	291	0	0	7.0	0	0
1	1	1	300	0	0	2.0	0	0
1	1	1	302	0	0	2.0	0	1.0
1	1	1	316	0	0	4.0	1.0	1.0
1	1	1	354	0	0	1.0	0	0
1	1	1	371	0	0	1.0	0	7.0
1	1	1	384	0	0	2.0	0	0
1	1	1	400	0	0	1.0	0	0
-	-	-	-	0	0	2.0	3.0	0
1	1	1	413	0	0	1.0	0	0
1	1	1	43	0	0	1.0	0	0
1	1	1	51	0	0	3.0	2.0	0
1	1	1	58	0	0	6.0	3.0	5.0
1	1	1	61	0	0	1.0	0	9.0
1	1	1	8	0	0	5.0	0	0
1	1	1	-	0	0	2.0	2.0	0
1	1	2	9	0	0	4.0	0	0
1	1	3	48	0	0	2.0	8.0	6.0
1	1	99	18	0	0	1.0	0	0
1	10	3	1	0	0	1.0	0	0
1	10	3	11	0	0	3.0	0	0
1	10	3	12	0	0	2.0	1.0	0
1	13	11	15	0	0	2.0	1.0	0
1	13	11	16	0	0	2.0	2.0	0
1	13	11	46	0	0	1.0	0	0
1	13	11	62	0	0	1.0	0	0
1	13	11	80	0	0	3.0	0	0
1	13	11	9	0	0	5.0	2.0	0
1	13	12	4	0	0	4.0	1.0	0
1	14	11	8	0	0	5.0	0	0
1	14	13	148	0	0	1.0	0	0
1	14	13	151	0	0	3.0	0	0
1	14	13	210	0	0	4.0	0	0
1	14	13	8	0	0	1.0	0	0
1	14	14	47	0	0	3.0	0	0
1	14	18	5	0	0	6.0	0	0
1	14	19	-	0	0	3.0	0	0
1	14	99	54	0	0	8.0	0	0
1	17	99	2	0	0	1.0	0	0
1	18	1	6	0	0	2.0	0	0
-	-	-	-	0	0	3.0	0	0
1	2	1	4	0	0	1.0	0	1.0
1	2	1	58	0	0	1.0	4.0	0
1	2	1	82	0	0	4.0	0	0
1	3	1	6	0	0	1.0	0	0
1	3	1	71	0	0	1.0	1.0	0
1	3	1	89	0	0	1.0	0	0
1	3	1	90	0	0	3.0	0	0
1	3	1	91	0	0	2.0	0	0
1	4	1	16	0	0	3.0	0	0
1	4	99	6	0	0	1.0	0	1.0
1	5	3	-	0	0	33.0	0	1.0
1	5	3	-	0	0	3.0	0	0
1	6	5	9	0	0	5.0	1.0	0
1	6	99	1	0	0	5.0	0	21.0
1	8	3	1	0	0	4.0	0	0
1	8	3	2	0	0	1.0	0	0
1	8	3	-	0	0	1.0	2.0	0
1	8	5	8	0	0	4.0	0	0
2	1	1	1	0	0	2.0	0	0
2	1	1	145	0	0	5.0	1.0	0
2	1	1	17	0	0	5.0	0	0
2	1	1	183	0	0	6.0	0	0
2	1	1	184	0	0	2.0	0	0
2	1	1	187	0	0	1.0	0	0
2	1	1	196	0	0	2.0	1.0	0
2	1	1	200	0	0	1.0	2.0	0
2	1	1	202	0	0	2.0	0	0
2	1	1	205	0	0	3.0	0	5.0
2	1	1	229	0	0	1.0	0	0
2	1	1	233	0	0	2.0	0	0
2	1	1	242	0	0	1.0	0	0
2	1	1	243	0	0	2.0	0	0
2	1	1	260	0	0	2.0	0	0
2	1	1	268	0	0	1.0	0	0
2	1	1	287	0	0	12.0	0	0
2	1	1	307	0	0	1.0	0	0
2	1	1	309	0	0	1.0	0	0
2	1	1	311	0	0	4.0	0	0
2	1	1	35	0	0	2.0	0	0
2	1	1	56	0	0	1.0	0	3.0
2	1	1	62	0	0	3.0	1.0	0
2	1	1	67	0	0	2.0	0	0
2	1	1	98	0	0	1.0	0	0
2	-	-	-	0	0	4.0	0	2.0
2	3	-	-	0	0	1.0	0	1.0
2	3	1	-	0	0	1.0	0	0
2	3	1	189	0	0	9.0	0	0
2	3	1	199	0	0	11.0	0	1.0
2	3	1	-	0	0	2.0	0	0
2	3	1	-	0	0	5.0	0	0
2	3	2	15	0	0	1.0	1.0	0
2	3	2	5	0	0	1.0	2.0	0
2	3	3	-	0	0	2.0	1.0	6.0
-	-	-	-	0	0	1.0	0	0
2	4	1	117	0	0	5.0	3.0	2.0
2	4	1	144	0	0	5.0	0	2.0
2	4	1	-	0	0	1.0	0	0
2	4	1	260	0	0	2.0	0	0
2	4	1	321	0	0	1.0	0	0
2	4	1	33	0	0	3.0	0	0
2	4	1	34	0	0	18.0	0	0
2	4	1	-	0	0	1.0	0	8.0
2	4	1	7	0	0	4.0	1.0	0
2	4	2	21	0	0	2.0	3.0	17.0
2	4	2	37	0	0	3.0	0	0
2	5	1	-	0	0	1.0	0	0
-	-	-	-	0	0	3.0	0	0
2	5	1	-	0	0	1.0	0	0
2	5	1	87	0	0	1.0	0	0
2	6	-	-	0	0	6.0	1.0	0
2	6	1	111	0	0	1.0	0	0
2	6	1	27	0	0	4.0	0	0
2	6	1	-	0	0	1.0	0	0
2	6	1	86	0	0	1.0	0	0
-	-	-	-	0	0	8.0	0	0
2	7	1	144	0	0	1.0	4.0	5.0
2	7	1	160	0	0	5.0	3.0	0
2	7	1	188	0	0	3.0	0	0
2	7	1	-	0	0	2.0	1.0	4.0
2	7	1	32	0	0	1.0	0	0
2	7	1	43	0	0	4.0	0	3.0
2	7	1	78	0	0	1.0	0	0
2	7	1	82	0	0	6.0	0	0
2	7	1	86	0	0	1.0	0	0
2	7	2	7	0	0	3.0	19.0	94.0
2	7	4	2	0	0	2.0	0	0
2	7	4	21	0	0	1.0	0	0
2	7	4	26	0	0	1.0	2.0	3.0
-	-	-	-	0	0	4.0	0	0
2	7	7	81	0	0	1.0	0	0
2	7	7	93	0	0	1.0	0	0
2	7	8	12	0	0	1.0	1.0	0
2	7	8	20	0	0	1.0	0	0
2	8	1	9	0	0	1.0	0	0
2	8	3	22	0	0	1.0	6.0	0
3	1	1	-	0	0	1.0	1.0	0
-	-	-	-	0	0	2.0	1.0	0
3	1	1	-	0	0	13.0	0	0
3	1	1	72	0	0	2.0	0	0
3	1	1	73	0	0	5.0	0	0
3	1	2	21	0	0	2.0	0	3.0
3	1	2	23	0	0	2.0	2.0	0
3	1	2	4	0	0	2.0	0	0
3	1	3	-	0	0	1.0	3.0	7.0
3	1	3	-	0	0	1.0	0	0
3	1	3	43	0	0	1.0	0	0
3	1	3	90	0	0	3.0	0	0
3	1	3	96	0	0	1.0	0	0
3	1	3	-	0	0	2.0	0	0
3	1	4	11	0	0	5.0	0	0
3	1	4	12	0	0	7.0	0	0
3	1	4	52	0	0	1.0	1.0	0
3	1	5	-	0	0	2.0	0	0
3	13	1	4	0	0	5.0	0	0
3	2	1	101	0	0	2.0	0	0
3	2	1	11	0	0	1.0	2.0	0
3	2	1	122	0	0	1.0	0	0
3	2	1	132	0	0	4.0	5.0	0
3	2	1	156	0	0	2.0	6.0	27.0
3	2	1	181	0	0	6.0	0	0
3	2	1	204	0	0	3.0	0	0
3	2	1	205	0	0	2.0	0	0
3	2	1	46	0	0	2.0	1.0	5.0
3	2	1	6	0	0	3.0	0	0
3	2	1	67	0	0	11.0	0	4.0
3	2	1	70	0	0	2.0	0	0
3	2	1	75	0	0	1.0	0	0
3	2	1	84	0	0	11.0	2.0	0
3	2	2	24	0	0	5.0	0	0
3	2	2	3	0	0	3.0	0	0
3	2	2	8	0	0	2.0	1.0	0
3	3	2	9	0	0	2.0	0	0
3	4	11	-	0	0	1.0	0	0
3	4	14	11	0	0	2.0	1.0	0
3	4	16	-	0	0	2.0	0	0
3	4	16	2	0	0	1.0	0	0
3	4	17	4	0	0	2.0	0	0
3	4	21	10	0	0	3.0	0	0
3	4	22	-	0	0	5.0	0	0
3	4	22	15	0	0	14.0	1.0	4.0
3	4	22	38	0	0	7.0	0	0
3	4	22	68	0	0	1.0	0	0
3	4	24	37	0	0	6.0	0	0
3	4	24	55	0	0	1.0	0	0
3	4	24	59	0	0	1.0	0	0
3	5	1	118	0	0	3.0	0	0
3	5	1	15	0	0	1.0	0	0
3	5	1	32	0	0	1.0	3.0	0
3	5	1	41	0	0	1.0	0	0
-	-	-	-	0	0	5.0	0	0
3	5	1	82	0	0	2.0	0	1.0
3	5	1	96	0	0	3.0	1.0	0
3	5	2	15	0	0	4.0	1.0	0
3	5	3	17	0	0	3.0	0	0
3	5	3	3	0	0	1.0	0	0
3	5	4	39	0	0	4.0	1.0	7.0
3	6	1	11	0	0	1.0	0	0
3	6	1	29	0	0	3.0	2.0	0
3	6	1	3	0	0	1.0	1.0	2.0
4	1	1	-	0	0	1.0	2.0	0
-	-	-	-	0	0	2.0	0	12.0
4	1	1	33	0	0	13.0	13.0	4.0
4	1	1	41	0	0	2.0	4.0	3.0
4	1	1	64	0	0	4.0	1.0	1.0
4	1	1	76	0	0	1.0	1.0	0
4	1	1	77	0	0	4.0	0	0
4	1	2	45	0	0	9.0	2.0	0
-	-	-	-	0	0	2.0	7.0	0
-	-	-	-	0	0	2.0	0	0
4	1	3	44	0	0	31.0	3.0	0
4	1	99	11	0	0	2.0	3.0	0
4	-	-	-	0	0	2.0	0	0
-	-	-	-	0	0	20.0	0	0
4	2	1	110	0	0	1.0	0	0
4	2	1	118	0	0	1.0	0	0
4	2	1	134	0	0	2.0	0	0
4	-	-	-	0	0	12.0	7.0	28.0
4	2	1	57	0	0	1.0	0	0
-	-	-	-	0	0	5.0	0	0
4	2	3	130	0	0	1.0	0	4.0
4	3	1	27	0	0	8.0	6.0	9.0
-	-	-	-	0	0	1.0	0	0
4	3	2	7	0	0	8.0	2.0	0
4	6	1	16	0	0	3.0	0	0
5	1	-	-	0	0	1.0	0	0
5	1	1	18	0	0	1.0	0	0
5	1	2	1	0	0	1.0	0	3.0
5	3	2	3	0	0	3.0	0	0
5	3	3	4	0	0	3.0	0	0
5	4	3	9	0	0	1.0	2.0	0
5	4	4	1	0	0	3.0	5.0	0
5	4	99	28	0	0	3.0	0	0
5	4	99	7	0	0	18.0	1.0	0
6	2	1	12	0	0	1.0	0	0
6	2	1	20	0	0	2.0	0	0
6	2	1	22	0	0	3.0	0	5.0
6	2	1	-	0	0	3.0	1.0	0
6	3	2	32	0	0	1.0	0	0
6	5	1	3	0	0	2.0	0	0
1	1	1	102	0	0	0	1.0	5.0
1	1	1	108	0	0	0	1.0	0
1	1	1	193	0	0	0	2.0	0
1	1	1	258	0	0	0	3.0	0
1	1	1	-	0	0	0	4.0	0
1	1	1	91	0	0	0	3.0	2.0
1	1	99	21	0	0	0	2.0	0
1	12	1	-	0	0	0	4.0	0
1	13	11	66	0	0	0	1.0	0
1	14	13	10	0	0	0	1.0	0
1	14	13	-	0	0	0	1.0	0
1	14	13	-	0	0	0	3.0	0
1	14	14	46	0	0	0	3.0	0
1	16	9	1	0	0	0	1.0	2.0
1	18	1	2	0	0	0	2.0	0
1	2	7	6	0	0	0	1.0	0
1	4	2	-	0	0	0	1.0	0
1	4	3	-	0	0	0	1.0	0
1	5	1	15	0	0	0	2.0	0
1	7	1	-	0	0	0	1.0	0
1	8	2	4	0	0	0	3.0	0
2	1	1	172	0	0	0	1.0	2.0
2	1	1	244	0	0	0	1.0	0
2	-	-	-	0	0	0	1.0	2.0
2	3	2	-	0	0	0	3.0	0
2	4	1	242	0	0	0	2.0	0
2	4	1	264	0	0	0	1.0	0
2	4	1	341	0	0	0	1.0	0
2	4	1	52	0	0	0	2.0	0
2	4	2	57	0	0	0	1.0	0
2	5	1	132	0	0	0	1.0	4.0
2	5	1	134	0	0	0	1.0	0
2	5	1	76	0	0	0	5.0	10.0
2	6	1	84	0	0	0	1.0	0
2	7	1	14	0	0	0	3.0	1.0
2	7	1	-	0	0	0	1.0	0
2	7	1	175	0	0	0	2.0	0
2	7	1	182	0	0	0	1.0	0
2	7	1	189	0	0	0	1.0	4.0
2	7	1	83	0	0	0	1.0	0
2	7	1	87	0	0	0	1.0	0
2	7	3	13	0	0	0	1.0	2.0
2	7	7	1	0	0	0	1.0	1.0
2	7	7	2	0	0	0	1.0	5.0
2	7	7	72	0	0	0	2.0	0
2	7	7	82	0	0	0	1.0	1.0
2	8	2	22	0	0	0	1.0	0
2	8	3	-	0	0	0	5.0	5.0
3	-	-	-	0	0	0	1.0	0
3	1	3	87	0	0	0	2.0	0
3	13	1	7	0	0	0	1.0	0
3	2	1	133	0	0	0	1.0	0
3	2	1	136	0	0	0	1.0	2.0
3	2	1	155	0	0	0	10.0	1.0
3	2	1	202	0	0	0	1.0	7.0
3	2	1	97	0	0	0	1.0	0
3	4	21	101	0	0	0	1.0	0
3	4	21	121	0	0	0	1.0	6.0
3	4	23	51	0	0	0	1.0	1.0
3	5	1	116	0	0	0	1.0	0
3	5	99	8	0	0	0	5.0	0
3	6	1	15	0	0	0	1.0	0
-	-	-	-	0	0	0	2.0	0
4	1	1	22	0	0	0	1.0	0
4	1	1	75	0	0	0	3.0	0
-	-	-	-	0	0	0	1.0	0
4	1	2	28	0	0	0	1.0	2.0
4	1	2	42	0	0	0	3.0	0
4	1	3	25	0	0	0	1.0	0
4	1	99	5	0	0	0	1.0	0
4	2	1	164	0	0	0	2.0	2.0
4	2	1	166	0	0	0	1.0	0
4	2	3	156	0	0	0	1.0	0
4	4	1	17	0	0	0	1.0	0
5	1	1	12	0	0	0	1.0	2.0
5	3	1	29	0	0	0	2.0	0
5	3	1	33	0	0	0	1.0	0
5	3	3	8	0	0	0	1.0	0
5	4	99	19	0	0	0	2.0	11.0
5	4	99	42	0	0	0	2.0	0
5	5	1	19	0	0	0	2.0	0
6	3	2	14	0	0	0	7.0	0
6	4	1	7	0	0	0	4.0	0
1	1	1	156	0	0	0	0	3.0
1	1	98	3	0	0	0	0	1.0
1	12	1	4	0	0	0	0	3.0
1	12	5	1	0	0	0	0	4.0
1	12	98	3	0	0	0	0	2.0
1	12	98	4	0	0	0	0	1.0
1	20	1	1	0	0	0	0	1.0
1	8	1	18	0	0	0	0	2.0
2	1	1	217	0	0	0	0	2.0
2	1	1	289	0	0	0	0	1.0
2	3	1	255	0	0	0	0	3.0
2	4	1	329	0	0	0	0	3.0
2	5	1	114	0	0	0	0	6.0
2	5	1	128	0	0	0	0	3.0
2	7	1	157	0	0	0	0	1.0
2	7	1	210	0	0	0	0	4.0
2	7	1	215	0	0	0	0	2.0
2	7	1	-	0	0	0	0	2.0
2	7	7	79	0	0	0	0	1.0
2	-	-	-	0	0	0	0	3.0
2	7	8	37	0	0	0	0	3.0
2	8	3	17	0	0	0	0	1.0
2	8	3	24	0	0	0	0	1.0
3	1	21	1	0	0	0	0	1.0
3	1	22	-	0	0	0	0	1.0
3	1	26	8	0	0	0	0	2.0
3	2	1	176	0	0	0	0	36.0
3	2	1	199	0	0	0	0	1.0
3	2	1	82	0	0	0	0	5.0
3	4	14	-	0	0	0	0	1.0
3	4	19	3	0	0	0	0	7.0
3	4	24	29	0	0	0	0	2.0
3	5	-	-	0	0	0	0	1.0
3	5	1	47	0	0	0	0	4.0
3	5	1	89	0	0	0	0	1.0
3	6	1	63	0	0	0	0	2.0
-	-	-	-	0	0	0	0	4.0
-	-	-	-	0	0	0	0	7.0
4	1	99	23	0	0	0	0	1.0
4	2	1	148	0	0	0	0	3.0
4	2	2	-	0	0	0	0	9.0
4	3	1	15	0	0	0	0	1.0
4	3	99	2	0	0	0	0	1.0
5	1	1	-	0	0	0	0	5.0
5	1	3	-	0	0	0	0	1.0
5	3	1	26	0	0	0	0	1.0
5	4	3	5	0	0	0	0	7.0
6	3	5	12	0	0	0	0	4.0
